     1     2   414     4     1     7        152.07079978         45.23447839        106.72445752          8.70068672         11.88108899         12.55357146           .74408892          -.84985773          -.74199215       -666.98566590           .00000000           .00000000        243.67499917         60.37356175
     2     2  1201     4     1     7        153.30941541         42.44979845        122.11030623          4.40774030          6.77781834          6.81584909           .63955841          -.77729808          -.62953234      -1932.96319813           .00000000           .00000000        256.95000015         67.08816888
     3     2   227     4    35     5        158.50867125           .10077630        117.25325792           .00000000           .00000000           .00000000           .00000000           .00000000           .00000000       -365.45272022           .00000000           .00000000        253.75000113         62.22529656
     4     2  1201     4     1     8        150.63619628         34.82464592        114.22120291          3.80316841          6.83554447          6.13586772           .64112001          -.76360210          -.62610595      -1933.19822159           .00000000           .00000000        247.02500189         61.59749855
     5     2   665     4     1     8        142.63248010         37.45510686        118.56821198          5.25335669          8.75681302          8.40966803           .61134558          -.75315531          -.59847069      -1070.27809164           .00000000           .00000000        242.75000000         64.39186716
     6     2  1201     4     1     5        210.60202411         74.93845268        174.65522551          7.21081322          8.43747477         10.38412851           .62966763          -.79685268          -.62725640      -1933.23593637           .00000000           .00000000        360.92499981         99.92155359
     7     2    78     4     1     7        210.13160692         72.02525273        202.21520511         27.61092336         37.79385717         42.67304632           .58402707          -.75669736          -.57548180       -125.51358971           .00000000           .00000000        381.02500000        109.43770774
     8     2  1201     4     1    10        151.88154444         59.21963990        123.22887147          5.69664603          5.94340604          7.88769313           .65337823          -.82053322          -.65546962      -1933.32226404           .00000000           .00000000        259.07500096         72.43215247
     9     2   196     4     1    10        143.58050432         32.96524788        145.94582172          8.98680179         20.26287341         16.38900709           .49536891          -.66651023          -.48986930       -316.00257890           .00000000           .00000000        265.04999967         79.13878650
    10     2  1201     4     1    12        143.90854795         31.21293218         99.69484507          3.20116695          5.29403265          5.14735661           .58876914          -.74221472          -.57858712      -1933.15185611           .00000000           .00000000        228.02500025         54.27754600
    11     2   759     4     3     7        143.50464749         42.04916263         93.39373454          5.59564008          7.08137534          7.96549290           .71241376          -.84111105          -.71631888      -1221.76695228           .00000000           .00000000        223.92500085         53.75562248
    12     2  1201     4     1    12        152.96596868         46.25330288        169.00499781          4.65283058          7.79456257          7.91659813           .49613599          -.68624647          -.48258922      -1936.07201658           .00000000           .00000000        294.42499913         91.82097750
    13     2    79     4    35     5        135.43236235           .10810826        248.93243009           .00000000           .00000000           .00000000           .00000000           .00000000           .00000000       -127.36824199           .00000000           .00000000        341.42500000        131.11041864
    14     2  1201     4     3     6        187.44063047         55.63384480         97.43024783          6.04437014          6.33678815          8.09177976           .75448126          -.88428165          -.77162180      -1932.98967862           .00000000           .00000000        272.75000163         60.35053780
    15     2   343     4     1    17        202.26338420         49.17820920         85.96853875         10.34006146         11.08004148         13.86047367           .77072069          -.89214560          -.78912110       -552.07549731           .00000000           .00000000        277.47500043         52.99459298
    16     2  1201     4     1     7        185.84804754         51.03295908        109.31691023          5.54133373          6.92837991          7.80368788           .73411978          -.85523335          -.74030654      -1933.52236047           .00000000           .00000000        280.24999832         63.60571987
    17     2   423     4     1    10        197.05215505         73.51852634         97.97624397         14.00710718         11.36937395         17.50436035           .78569325          -.91833622          -.80900561       -681.07998226           .00000000           .00000000        285.20000006         68.21389027
    18     2  1201     4     1     4        145.36134800         43.03102556        113.86339758          4.38976545          6.19398805          6.60341341           .64823643          -.79100080          -.64192324      -1932.94869789           .00000000           .00000000        242.42500094         63.38897261
    19     2   774     4     1    11        135.92459254         19.09948204        118.27471851          3.12728196         15.05251243          6.68253459           .45597733          -.63938325          -.54791900      -1245.91920490           .00000000           .00000000        233.47500083         62.16692670
    20     2  1201     4     1    11        185.14936942         49.94062308        161.72628319          5.23758503          8.89112933          8.45053626           .60763998          -.74865411          -.59330424      -1932.93344076           .00000000           .00000000        321.60000134         87.64111482
    21     2   162     4     1     2        174.38691070         89.66383463        158.83088680         26.30014978         24.32088036         34.10507946           .75781048          -.87903885          -.76050177       -261.71031156           .00000000           .00000000        316.79999946         99.24966051
    22     2  1201     4     1    22        194.82232757         55.52161778         41.69337058          8.02190355          4.44001495          9.14349374           .84693028          -.96725187          -.87136454      -1932.97216638           .00000000           .00000000        233.99999985         41.39444476
    23     2   822     4     3    23        189.18789357         53.90811354         47.79480812          9.14214610          5.69104081         10.72151782           .84865839          -.96167956          -.87317248      -1323.47454950           .00000000           .00000000        233.50000010         42.29361622
    24     2  1201     4     1     8        160.44138059         55.99119491        101.21714645          5.69453545          5.80245241          7.65309119           .71521435          -.86305954          -.72814899      -1933.08536187           .00000000           .00000000        248.79999962         62.11469246
    25     2   409     4     1     8        159.62189907         45.97679446         98.33369980          7.92963630          9.54498150         11.19937930           .68269196          -.83228905          -.69186811       -658.29256188           .00000000           .00000000        244.44999920         57.15796172
    26     2  1201     4     1    10        170.99249734         68.31415662        125.44618453          6.43410392          6.15366224          8.68488370           .66095951          -.83778502          -.66961097      -1936.18716471           .00000000           .00000000        280.15000043         76.44388621
    27     2   238     4     1     6        139.42194724         64.86837626        146.58747771         14.33339478         14.75224939         19.53156014           .67059487          -.80625549          -.64818468       -383.16032507           .00000000           .00000000        268.39999983         86.36049477
    28     2  1201     4     1    11        178.65253064         57.31474960         45.14422494          8.02916046          4.55738942          9.20947076           .84168119          -.96424385          -.86637735      -1934.51210422           .00000000           .00000000        221.00000076         43.23771440
    29     2   946     4     1     6        158.71686461         43.19059873         78.83045676          4.95392757          5.32575636          6.70466497           .71196535          -.86233268          -.73094842      -1523.27463862           .00000000           .00000000        227.50000144         48.20010141
    30     2  1201     4     1    12        172.92665627         46.05435069         71.18480074          5.21010019          5.01428163          6.78881386           .78047193          -.90629510          -.80320975      -1932.95075029           .00000000           .00000000        235.85000088         46.25853955
    31     2   536     4     1    13        180.10185107         49.38559742         64.47647933          9.23296262          7.77122407         11.63079911           .82326652          -.93464635          -.84692119       -862.87994995           .00000000           .00000000        237.92499865         45.37308521
    32     2  1201     4     3     8        156.92224581         40.73173360         85.58300977          4.15570332          5.01003470          5.83530090           .69582166          -.83998976          -.70633963      -1932.99683244           .00000000           .00000000        230.87499949         50.14954422
    33     2   636     4     1    10        154.32023120         35.01711921         92.89716349          4.67340620          6.48671246          7.06645143           .60049744          -.77006744          -.60053542      -1024.09407348           .00000000           .00000000        233.42500051         52.01069057
    34     2  1201     4     1     5        170.94384171         66.83977331        102.80142804          7.14230945          6.31612571          9.20630557           .75555155          -.89505420          -.77314541      -1932.94123964           .00000000           .00000000        262.10000130         67.02212319
    35     2   360     4     1    13        152.41593294         37.31700265        126.26682003          7.01765320         12.09006559         11.54540343           .56767888          -.72609151          -.55595932       -579.54457098           .00000000           .00000000        258.62499927         68.40538667
    36     2  1201     4     1     7        172.05213440         56.60266367         83.07623652          6.19098313          5.51796837          7.96301679           .76589432          -.90465420          -.78946026      -1933.59155186           .00000000           .00000000        245.77500089         55.14981231
    37     2   478     4     1     8        168.16499234         59.05229153        116.15293140          9.14898386          9.74417861         12.54620686           .67540409          -.83731777          -.68573747       -769.55737258           .00000000           .00000000        269.22499973         69.26833248
    38     2  1201     4     3     7        195.15222785         52.69279492        114.04068827          5.40791848          6.67154120          7.65401801           .69550662          -.83642502          -.70340865      -1932.93472833           .00000000           .00000000        293.52500032         66.29575289
    39     2   345     4     3     9        173.39392298         39.93757027        113.72022331          7.51527674         11.31393404         11.61285770           .61464394          -.76766398          -.60911424       -555.30121973           .00000000           .00000000        269.87499919         62.71400924
    40     2  1201     4     1     7        143.81727968         40.00210773        126.39185209          3.82837328          5.69234167          6.18853181           .51009033          -.71030448          -.50431533      -1937.17591075           .00000000           .00000000        250.35000072         69.64339525
    41     2   410     4     1    13        141.07752507         25.93986173        132.46874401          5.24919562         15.21481768         10.13226376           .48108264          -.65200364          -.49697340       -661.32035879           .00000000           .00000000        250.62499990         71.29110700
    42     2  1201     4     1    10        146.91864505         34.11777324        108.04153463          3.73552204          6.53986208          5.94648042           .65533936          -.77438494          -.64113152      -1933.33333398           .00000000           .00000000        238.25000089         58.46479676
    43     2   608     4     1     8        147.95331179         36.57532931        110.77716577          5.61113479          9.46700866          8.80542695           .66589173          -.78497814          -.65407080       -978.76398626           .00000000           .00000000        241.72499960         60.06223298
    44     2  1201     4     1    17        163.77135911         47.35830990         94.90251122          4.69098590          5.32792057          6.50816616           .68178454          -.83905287          -.69523177      -1933.68443659           .00000000           .00000000        246.00000029         56.37818573
    45     2   628     4     1    10        159.99974270         40.51268543        105.36919531          5.74999269          8.21832849          8.61412052           .65676708          -.79798608          -.65476269      -1010.72261081           .00000000           .00000000        249.82500036         58.68425719
    46     2  1201     4     3    14        185.81663750         79.26486097        136.78183193          8.19633169          7.52279783         10.84206901           .73544226          -.87358702          -.73966225      -1933.07898326           .00000000           .00000000        305.02500091         85.18099409
    47     2   258     4    33    11        172.42279424         11.47100342        162.93977557           .00000000           .00000000           .00000000           .00000000           .00000000           .00000000       -415.59421770           .00000000           .00000000        305.74999977         83.14524895
    48     2  1201     4     1    11        147.77495850         33.06075364         82.40701179          3.41503312          4.74907679          5.03444355           .67273949          -.80997553          -.67288394      -1932.94801443           .00000000           .00000000        218.25000089         46.41322426
    49     2   692     4     1     9        149.91993997         36.67074762         83.18428869          5.00612144          6.46308622          7.17281161           .69458088          -.83062009          -.69955068      -1113.73747703           .00000000           .00000000        221.47499905         47.85579321
    50     2  1201     4     1     6        179.68219503         53.35245212        130.89583931          5.48230142          7.36157096          8.04286668           .67333639          -.81126801          -.67101181      -1933.00539506           .00000000           .00000000        291.74999865         73.93028902
    51     2   208     4     1     8        203.89771941         72.49961403         83.22086503         20.83950138         15.14896158         25.58131763           .80276253          -.93626421          -.82908403       -334.90114962           .00000000           .00000000        279.32500017         61.89484536
    52     2  1201     4     3     7        144.89608381         54.63624844        100.82357977          5.32991004          5.31663777          7.17814721           .68508657          -.84762339          -.69622183      -1933.65177102           .00000000           .00000000        233.00000200         61.49390172
    53     2   565     4     1     3        151.64804961         57.24943443         98.76045692          9.12342533          8.92165603         12.07463793           .76090966          -.88694506          -.77225765       -910.12382024           .00000000           .00000000        238.37499938         61.47598651
    54     2  1201     4     1    12        160.74451878         44.22462368        117.12224682          4.58608444          6.63416962          6.89766786           .66192468          -.79749176          -.65636021      -1932.99924506           .00000000           .00000000        260.57499990         65.18237499
    55     2   439     4     1    12        155.27960117         36.42117753        121.23073969          6.32650569         11.06510275         10.32055841           .59611009          -.74119825          -.58405245       -706.55650381           .00000000           .00000000        257.32500075         65.37332683
    56     2  1201     4     1    10        185.78231643         60.75842413        130.18521646          6.30895813          7.50270956          8.87010371           .70613512          -.84140558          -.70989115      -1933.23525725           .00000000           .00000000        298.25000023         75.78711994
    57     2   272     4    33    29        169.74534389         17.09722088        142.25279082           .00000000           .00000000           .00000000           .00000000           .00000000           .00000000       -443.79139503           .00000000           .00000000        288.07500067         71.01624232
    58     2  1201     4     3     7        182.63434170         51.96377063        103.39291187          5.34884236          6.15130985          7.39893136           .70981984          -.85199388          -.72221240      -1932.96637690           .00000000           .00000000        272.29999975         61.49134017
    59     2   363     4     3    11        168.85444245         57.89816160        109.33453289          9.87506888         10.08011945         13.41871857           .64790728          -.83114004          -.66392708       -586.05482920           .00000000           .00000000        264.17500017         66.10436316
    60     2  1201     4     1     8        164.23682925         69.35328159        120.85396677          6.82881870          6.23544649          9.01492888           .69486698          -.85901495          -.70754354      -1933.27300544           .00000000           .00000000        270.99999887         74.82980783
    61     2   311     4     1    27        145.25591229         12.29052296        167.76610754          6.32319587         47.72187127         12.20130868          -.47759647          -.39683837          -.07912383       -501.37324685           .00000000           .00000000        282.10000027         89.79479314
    62     2  1201     4     1    11        148.19146154         45.47728568        108.14509687          4.64961584          6.02622604          6.73962444           .67704631          -.81580188          -.67523030      -1932.97020458           .00000000           .00000000        241.02500063         61.62225102
    63     2   379     4     1    10        144.28646998         30.23254044        107.44471137          5.72981793         10.66072003          9.56926509           .58070701          -.72718563          -.56853550       -610.00112374           .00000000           .00000000        234.44999910         57.59715672
    64     2  1174     4     1     8        146.43443288         53.47496810        130.76394503          5.82138941          7.48571462          8.42299261           .71191856          -.82639946          -.69815868      -1891.80496829           .00000000           .00000000        258.50000043         73.67665909
    65     2  1201     4     1    11        165.76402967         64.03483246        131.69978620          6.43637642          6.88373290          8.93055384           .69224604          -.83811666          -.69182078      -1933.18071802           .00000000           .00000000        279.60000087         77.32247520
    66     2   190     4     1     5        169.37819928         66.56315953        121.01554512         17.01033935         16.17127101         22.96664316           .70639960          -.86223458          -.71727232       -305.88117713           .00000000           .00000000        274.99999990         72.95375261
    67     2  1201     4     3     7        148.70730442         51.45605801        130.73328954          5.12550311          6.60064503          7.59137320           .64038024          -.79048345          -.63070448      -1932.96850156           .00000000           .00000000        260.39999894         73.29710250
    68     2   340     4     3     7        165.97172919         75.53751721         96.57417939         16.58497506         12.72529842         20.32780043           .80523915          -.92633963          -.82490097       -547.64073223           .00000000           .00000000        254.12499969         69.21558282
    69     2  1201     4     3    11        129.36891498         30.57737030        121.39322578          3.39562799          7.23107436          5.90570945           .57438846          -.71216674          -.56002930      -1932.95537768           .00000000           .00000000        230.92499967         64.70874772
    70     2   597     4     1    10        136.10169582         19.28527077        122.47579632          3.58807451         17.52405016          7.73620075           .42596154          -.62433488          -.52738839       -962.81142101           .00000000           .00000000        236.92499955         65.81380423
    71     2  1201     4     1     6        142.23470089         49.98553748        112.30820748          5.38797202          6.61890334          7.61719760           .72636974          -.84353873          -.72144409      -1934.78480931           .00000000           .00000000        239.07500007         64.72724934
    72     2   607     4     1    10        133.12882017         53.40496677        121.86191201          7.58741218          8.23656459         10.89681277           .67220917          -.81967332          -.66142629       -977.41071051           .00000000           .00000000        237.32500020         68.68345310
    73     2  1089     4     1    11        140.66417755         31.76416333        225.24117630          5.25015962         69.94740558         15.17727346           .58216373          -.71554754          -.80965411      -1752.71266938           .00000000           .00000000        326.09999946        117.68780729
    74     2  1201     4     1     7        174.17554573         49.13445463         76.91146006          5.61335341          5.42788255          7.33521214           .78465584          -.90694359          -.80570261      -1933.02676821           .00000000           .00000000        242.07500203         49.71083189
    75     2   564     4     3     6        172.18215926         47.41167538         89.82433786          6.38015198          6.77420502          8.74037034           .63087086          -.82557467          -.65374670       -913.15525136           .00000000           .00000000        250.22499864         54.23745876
    76     2  1201     4     3     7        185.28498286         40.81061585         79.64565387          4.06793352          4.60080831          5.59583146           .68897762          -.84557233          -.70653494      -1934.16049247           .00000000           .00000000        254.42500153         47.68397990
    77     2   620     4     3    14        185.50312550         50.78961125         83.75452807          7.18351860          7.11172427          9.49116278           .71843937          -.87582481          -.74354032      -1000.04710752           .00000000           .00000000        259.12499948         53.00397980
    78     2  1201     4     3    10        158.07756970         56.27571955        118.13945355          5.70512641          6.44309612          7.93426100           .69419659          -.83689993          -.69669773      -1933.06059452           .00000000           .00000000        260.52500062         69.38462949
    79     2   353     4     3     9        170.99776374         67.97937482         93.06952414         13.31268119         10.76058403         16.72339283           .75392962          -.90504185          -.77818704       -569.14447197           .00000000           .00000000        254.57500017         63.63483309
    80     2  1201     4     1    12        167.51104539         50.85831454        127.66381402          5.20196491          7.02775742          7.69332684           .66385810          -.80444461          -.65973603      -1932.99443907           .00000000           .00000000        276.60000122         71.66522953
    81     2   403     4     1    14        171.21929331         38.20106142        125.49264637          6.53838551         10.58098356         10.69018160           .53359613          -.71629405          -.52829986       -649.29563979           .00000000           .00000000        276.72500046         68.24680939
    82     2  1201     4     1    12        153.85829633         44.84286102        111.63659835          4.44542224          5.90720132          6.57421840           .63954799          -.79445920          -.63847320      -1933.06253412           .00000000           .00000000        249.27500094         62.97560549
    83     2   118     4     1     4        141.64968075         58.71561583        108.09329464         19.47937257         19.45593340         26.02183662           .73168916          -.86554699          -.73649267       -189.94250042           .00000000           .00000000        236.14999990         65.51307118
    84     2  1142     4     3    10        171.00265323         69.53126866        162.81103116          7.10648943          7.80976170         10.06924911           .66015567          -.80675463          -.64616663      -1838.31638057           .00000000           .00000000        311.97499985         93.06573912
    85     2  1201     4     1    10        156.40412904         81.58222746        112.64533618          8.43174272          6.69805937         10.44702274           .74953717          -.89908820          -.77008023      -1933.21465826           .00000000           .00000000        259.32500133         77.44234472
    86     2   329     4     1    14        132.57745935         40.88623901        140.08509730          9.58294243         18.81960617         15.43157587           .71868919          -.79830580          -.69349731       -531.04989777           .00000000           .00000000        250.95000038         74.03264416
    87     2  1201     4     1     8        192.17108835         52.61473374        126.14916730          5.20088180          6.77268098          7.59980126           .64601742          -.80212116          -.64874047      -1933.20307644           .00000000           .00000000        300.27500146         71.77413824
    88     2   303     4     1     8        213.16144170         72.91576023         93.09459384         17.38342553         13.91185472         21.76328223           .80681976          -.93028091          -.83077851       -487.65422355           .00000000           .00000000        296.77499969         65.75509045
    89     2  1201     4     3     9        173.42529036         66.46401216         61.13837729          8.52217050          5.26551311          9.98513672           .82407642          -.95302751          -.84928250      -1936.39019200           .00000000           .00000000        230.24999867         52.59455709
    90     2   611     4     1     8        166.64492597         59.50524669         84.45055642          8.88162100          7.54928820         11.30751748           .75478817          -.90243783          -.77820905       -985.30377010           .00000000           .00000000        241.72499885         57.02084567
    91     2  1201     4     1    10        178.11587357         51.94965313        118.39608184          5.65257117          7.37044925          8.08703035           .72660613          -.84494732          -.72765952      -1933.82186801           .00000000           .00000000        279.99999885         67.79749381
    92     2   398     4     1    10        175.57244450         47.40480488        124.14360334          8.01518165         11.01269714         12.09308840           .60577555          -.77460436          -.60620063       -640.79949625           .00000000           .00000000        281.24999840         69.20034397
    93     2  1201     4     1    13        166.10909353         63.42332038        147.60142785          6.16034726          7.11434359          8.78841102           .64403075          -.79974727          -.63558855      -1932.95631644           .00000000           .00000000        293.57500035         84.98877490
    94     2    28     4     1     7        242.88143954         86.31395658        182.27081617         45.90404979         45.58381627         65.68691682           .44196540          -.74818760          -.47287650        -47.66224386           .00000000           .00000000        398.34999983        102.65472468
    95     2  1201     4     1    10        175.43182525         44.22341927         96.08722057          4.56270362          5.68165719          6.46436795           .69845576          -.83743483          -.70649161      -1932.93331506           .00000000           .00000000        258.27500063         55.78953272
    96     2   418     4     1    11        180.74077392         35.25258177         94.69498219          5.71881912          7.91261490          8.69492992           .57795382          -.76006935          -.58126201       -673.36765604           .00000000           .00000000        261.20000016         52.69278915
    97     2  1201     4     1     7        159.37047318         43.54761922         98.97454918          4.56119718          5.90114934          6.53944304           .70193763          -.83373873          -.70557754      -1933.06389112           .00000000           .00000000        244.50000114         56.81769142
    98     2   360     4    33    10        151.43458086         16.03370543        120.38969008           .00000000           .00000000           .00000000           .00000000           .00000000           .00000000       -579.40063345           .00000000           .00000000        250.50000021         62.85797487
    99     2  1158     4     1     6        171.90609681         66.45162258        162.63796059          6.10138997          6.79684511          9.00719446           .55440136          -.75740778          -.54578000      -1867.82289261           .00000000           .00000000        310.67499947         92.30800046
   100     2  1201     4     3     5        159.89468305         60.21012641        133.48410304          5.59617939          6.07119383          7.98457866           .60902024          -.79524937          -.60970003      -1934.50678030           .00000000           .00000000        274.77500083         76.94512176
   101     2    64     4     1    11        123.77941553         63.55837426        165.12157763         23.21164597         22.75176824         35.00147986           .45103521          -.70574941          -.43331683       -104.48817881           .00000000           .00000000        264.97500033         92.87745588
   102     2  1201     4     1     6        163.56950030         43.97235581        107.96070651          4.58173604          6.28901491          6.72430227           .68327319          -.81636499          -.68246168      -1933.03641426           .00000000           .00000000        255.99999795         60.94259726
   103     2   571     4     1     6        169.00242223         57.09702093         98.65133400          8.62432195          8.65761207         11.44148417           .73443805          -.87544701          -.75023547       -919.06661305           .00000000           .00000000        255.57500011         61.73890074
   104     2  1201     4     3     7        158.33477556         65.42615373        115.49964799          6.41069486          5.89953935          8.40434240           .69441812          -.85467596          -.70417055      -1934.43691161           .00000000           .00000000        260.57500042         72.09675249
   105     2   271     4     1    12        174.72197846         93.72636650         87.98168897         24.34657820         15.15930837         28.41835170           .82071009          -.94909958          -.84389274       -436.55053226           .00000000           .00000000        257.65000004         74.97537927
   106     2  1201     4     1     8        169.32140898         56.51671309         83.58919636          6.38922308          5.70611656          8.22795089           .78064132          -.91008020          -.80260220      -1933.14102450           .00000000           .00000000        243.60000137         55.28982768
   107     2   647     4     3     6        165.47779071         58.55247629         83.13527225          9.34224806          8.08771486         11.85937512           .80051790          -.91929016          -.82055489      -1041.71573430           .00000000           .00000000        239.74999918         56.41088066
   108     2  1201     4     1     7        166.17491270         48.00336824        149.57757376          4.89699089          7.76429243          7.80552543           .59408926          -.74677081          -.58092502      -1933.02809880           .00000000           .00000000        292.57499957         81.53307157
   109     2    56     4     1     8        171.84045991         52.15924422        108.45822811         26.95335160         32.62550876         37.36538050           .75710060          -.86668715          -.75967526        -90.17060757           .00000000           .00000000        266.05000000         64.86703708
   110     2  1201     4     1    10        148.07173772         63.97053941        172.65040334          6.69392501          7.61086128         10.08586311           .66010993          -.79365648          -.62823073      -1935.56164844           .00000000           .00000000        293.84999964         92.51771523
   111     2   163     4     1     8         90.70623239         91.34110097        208.29666305         19.23602871         26.94231949         24.74156093           .41859301          -.68905129          -.49357137       -262.99988130           .00000000           .00000000        299.17500037        137.22431184
   112     2  1201     4     1    11        202.18253759         69.00873725        131.20485304          7.10459103          7.54518671          9.69033669           .71632627          -.85894605          -.72627364      -1932.95105190           .00000000           .00000000        316.17500009         78.95848148
   113     2   207     4     1     7        237.57778935         85.98511473        129.59839581         24.33363282         21.50719644         31.13957477           .80025275          -.91474591          -.81637673       -333.65828122           .00000000           .00000000        352.99999979         86.06494680
   114     2  1201     4     1     5        151.63776997         32.74476383         94.28670749          3.41326264          5.32880881          5.27399034           .64202830          -.77880046          -.63424525      -1932.94881479           .00000000           .00000000        231.64999832         51.82521145
   115     2   670     4     3     8        151.40279136         47.14194894         99.25171806          7.19389285          8.84991845         10.04632474           .76429357          -.87066704          -.76783442      -1079.71686407           .00000000           .00000000        237.25000113         57.91966380
   116     2  1201     4     1     7        187.01142927         54.59857022        111.39273081          5.54886597          6.43936403          7.72317050           .69750312          -.84382092          -.70849154      -1933.00996579           .00000000           .00000000        283.49999921         65.79703603
   117     2   409     4     1     7        197.29654333         64.02026588        109.01612668         11.46558382         11.46506140         15.23315283           .73471232          -.87850613          -.75350885       -658.35382292           .00000000           .00000000        292.89999900         68.02334228
   118     2  1201     4     1    14        208.32370988         46.98192318        130.65030797          5.33103290          8.57600080          8.08478173           .71684358          -.81951817          -.70762767      -1934.32561112           .00000000           .00000000        319.52499946         71.83861754
   119     2   257     4     1     8        211.44319026         38.77369470        137.36541272          9.23479888         17.64060016         15.27409136           .62047060          -.74450506          -.60304577       -413.65560989           .00000000           .00000000        327.09999976         73.92168247
   120     2  1201     4     3     5        158.89400057          5.49725802        143.54263304          2.74641577          6.57025667          5.41201890          -.36959293          -.53008750           .13314309      -1940.57059109           .00000000           .00000000        276.75000047         70.66249096
   121     2   360     4     3     8        161.21842896         46.99636172        128.73216976          8.39095110         11.71880758         12.83080887           .59648817          -.76411598          -.59153479       -579.57436826           .00000000           .00000000        270.62500021         71.45573356
   122     2  1201     4     1    10        126.00136606         31.93007733        188.62919392          4.22758103         19.67591041          8.86089368           .52235124          -.66928016          -.58158324      -1933.38201041           .00000000           .00000000        282.22499961         98.05892007
   123     2   173     4     1     9        130.99684660         70.10767696        182.57699948         16.87753328         17.15971759         25.64967480           .56360406          -.74800766          -.52745062       -278.73645283           .00000000           .00000000        284.87500025         99.53075855
   124     2  1201     4     1     6        147.45590501         34.07653696         84.15982854          3.77328646          5.41136295          5.52387272           .72427446          -.83566478          -.72233131      -1933.87745734           .00000000           .00000000        219.52500112         47.35954763
   125     2   924     4     1    13        149.71866289         27.08890680         86.50331175          3.43887614          6.15091655          5.47431701           .66520256          -.77920673          -.65230067      -1487.69488790           .00000000           .00000000        222.79999974         46.58578002
   126     2  1201     4     3    11        142.83899494         38.54971819        130.08168840          4.09485426          7.25439082          6.69881841           .60416337          -.74220294          -.58808612      -1932.93521872           .00000000           .00000000        252.42499843         70.19360231
   127     2   535     4     1     7        139.15920177         52.29047470        131.43700952          7.41849441          8.83676869         10.97182211           .59673632          -.77169439          -.58582990       -861.23040548           .00000000           .00000000        251.50000083         73.99155386
   128     2  1201     4     3    12        148.43960952         40.45674120        107.81020251          4.05124845          5.74237269          6.12477358           .62955204          -.78197247          -.62557654      -1933.03307991           .00000000           .00000000        240.25000086         60.08483493
   129     2   521     4     1     8        154.76998259         50.36752727        110.70382151          7.32174309          8.48606253         10.37920907           .64013437          -.80843790          -.64447666       -839.01737902           .00000000           .00000000        250.30000005         64.54622383
   130     2  1201     4     1    20        132.32924853          7.61495279        127.58876814          2.42682671         12.75701520          4.71450342          -.45593499          -.46931015           .05452155      -1934.00585777           .00000000           .00000000        236.29999991         67.71547085
   131     2   522     4     1     7        135.03965649         27.25669248        110.21533666          4.40545335          8.83461186          7.74789922           .51065479          -.68181294          -.50131477       -841.18725461           .00000000           .00000000        227.02499955         59.63733642
   132     2  1201     4     1     5        192.07185011         68.86062091        110.99493991          7.36045314          6.95541436          9.58048669           .75488695          -.88986069          -.77167476      -1933.01997874           .00000000           .00000000        290.07499878         71.35801927
   133     2   407     4     1    12        201.76830495         85.90379920        105.35609120         17.42625931         12.81811810         21.18649934           .80619423          -.93041425          -.82786553       -655.33544294           .00000000           .00000000        298.35000060         77.54187625
   134     2  1201     4     1     5        147.52992185         56.12107579         95.24094099          5.91224864          5.46573710          7.85793135           .73494684          -.88089475          -.74943484      -1933.80129435           .00000000           .00000000        231.02500079         59.00425292
   135     2   545     4     1     4        143.33233063         62.51420478        103.66232401          8.96411146          7.69188925         11.82538840           .68190551          -.86189877          -.69777683       -878.01240535           .00000000           .00000000        234.62499958         64.54492173
   136     2  1201     4     1    12        173.20600095         62.59220061        112.07062308          6.70535518          6.75566584          8.99043964           .74659949          -.87775624          -.75685131      -1933.64662063           .00000000           .00000000        271.00000103         68.74954531
   137     2   496     4     1     9        172.91371975         41.40651277        122.30596232          7.00601573         11.51796856         10.88310275           .67110891          -.78958039          -.65935624       -798.46522633           .00000000           .00000000        276.67500031         66.87728981
   138     2  1201     4     1    12        145.94209284         55.65049040         98.83245512          5.67527712          5.45047738          7.61323278           .71422082          -.86653884          -.72664832      -1933.07875087           .00000000           .00000000        232.29999899         60.42503572
   139     2   575     4     1    20        125.77455465         43.55266091        129.93620587          6.62285530          9.76591040         10.26050306           .64530065          -.77080508          -.61892690       -925.72590683           .00000000           .00000000        235.87500042         70.91048434
   140     2  1099     4     1     5        154.73943895         64.95896729        195.34271704          6.75727570          8.68579017         10.53330461           .59433085          -.74224866          -.55616221      -1769.17926085           .00000000           .00000000        320.00000061        106.08390447
   141     2  1201     4     1     6        180.08121445         57.81340976         97.44838659          5.91123185          5.83169807          7.82072712           .72238269          -.87428517          -.74290239      -1934.36663242           .00000000           .00000000        265.75000069         61.32852013
   142     2   479     4     1     8        194.73828627         83.30788145         87.51538563         16.82904090         11.21254814         20.18340750           .83141546          -.94793671          -.85160083       -771.16963477           .00000000           .00000000        274.64999923         69.20876101
   143     2  1201     4     1     8        186.83842282         60.39335341        132.79403581          5.90127208          6.96554824          8.39253578           .65629641          -.81629351          -.66083857      -1933.21985986           .00000000           .00000000        301.19999965         76.96937755
   144     2   244     4     1     7        182.91280782         92.47461034        146.06039179         24.59154580         23.16854775         30.39731958           .83051866          -.91215507          -.83061870       -393.70228797           .00000000           .00000000        313.77499913         98.29655095
   145     2  1201     4     1    13        124.28599947          9.18768524        162.17373577          2.84112889         18.54447881          6.02029386          -.24970719          -.45827570          -.09343643      -1933.90292102           .00000000           .00000000        256.39999942         86.13892885
   146     2   269     4    33    12        123.25260786          8.33764278        159.90894289           .00000000           .00000000           .00000000           .00000000           .00000000           .00000000       -433.72012928           .00000000           .00000000        252.92499877         86.70024133
   147     2  1201     4     1    17        145.88799523         27.00311946        102.75437744          3.26206347          7.32139905          5.51096800           .67286913          -.76628760          -.65470681      -1935.71890941           .00000000           .00000000        232.25000023         54.11272956
   148     2   755     4     1    17        133.42230652          6.19850725        116.12180268          2.73470391          8.78058235          5.44518359          -.41482877          -.50371136           .11901160      -1216.90005209           .00000000           .00000000        228.00000026         62.03728613
   149     2  1201     4     1    12        181.58895578         48.44808115        104.13469340          5.21634693          6.53846845          7.35311745           .72857937          -.85223479          -.73508970      -1933.31788148           .00000000           .00000000        271.49999996         60.58258971
   150     2   553     4     3     7        182.87339137         55.13181609        105.90390708          8.63004912          9.67873058         11.82784009           .73303535          -.86621458          -.74599463       -890.05738469           .00000000           .00000000        274.92500021         63.36234674
   151     2  1201     4     3    12        165.19993385         49.58808013         58.73462367          6.27364491          4.82089076          7.75356813           .82595155          -.94150598          -.85071617      -1933.20662161           .00000000           .00000000        218.32500109         43.44326053
   152     2   808     4     3     7        148.84902368         39.76575142         82.34421952          4.59726407          5.28095151          6.45336896           .63971279          -.81827410          -.65560466      -1302.70886946           .00000000           .00000000        219.97499990         48.40709396
   153     2    15     4    33     7        264.08398927         97.84565140         12.41935384           .00000000           .00000000           .00000000           .00000000           .00000000           .00000000        -26.63285358           .00000000           .00000000        278.75000000         63.69311187
   154     2  1201     4     1     8        212.73258928         69.33586571        102.57087347          7.76821418          7.01324194         10.00810881           .77778576          -.90844311          -.80001544      -1932.95292361           .00000000           .00000000        303.72499907         67.91374606
   155     2   156     4     3     4        177.88436034         63.97059109        135.33398567         16.32963157         17.57330437         22.92942329           .61393288          -.80164022          -.61919060       -251.46017534           .00000000           .00000000        294.95000015         79.93117328
   156     2  1201     4     1     5        198.83604641         32.46222475         84.58019712          3.38895557          4.91431481          5.04726154           .66951070          -.80371244          -.66864014      -1933.00778172           .00000000           .00000000        270.99999865         47.21758184
   157     2   574     4     3     9        204.04670980         51.03214117         66.91133856          8.70029608          7.36136098         10.96525202           .79965779          -.92623055          -.82696202       -924.43438524           .00000000           .00000000        263.97499901         46.70810217
   158     2  1201     4     1     8        168.95320991         57.90423173        145.03031468          5.61461917          7.05588902          8.30227730           .61945429          -.78323292          -.61268549      -1933.07877060           .00000000           .00000000        292.89999933         81.71982711
   159     2   217     4     3    20        193.62451864         93.33095951        162.89899374         25.56979668         23.41591821         32.16362080           .80143730          -.89594059          -.79954606       -350.30629463           .00000000           .00000000        340.62499960        105.07322211
   160     2  1201     4     1     7        169.75999806         43.16373934        110.87565636          4.00459035          5.20709447          6.01952040           .56162123          -.75828801          -.56634760      -1936.91169549           .00000000           .00000000        264.24999949         62.59143228
   161     2   542     4     1     7        165.75829410         57.47636343         87.71361625          9.30774332          8.52366985         11.97388259           .76664982          -.89943560          -.78601151       -872.50873607           .00000000           .00000000        243.52500025         57.80507677
   162     2  1201     4     3    10        122.03929525         39.55255477        145.88808111          4.07694769          6.90011564          6.89381716           .52625493          -.69494545          -.50365923      -1933.85367027           .00000000           .00000000        244.52499879         78.87285253
   163     2   337     4     1     8        123.49996960         25.06587921        130.87416628          5.74691418         18.03382927         11.18722064           .50708058          -.66085414          -.52116695       -542.97061958           .00000000           .00000000        231.89999917         70.23969670
   164     2  1201     4     1     7        185.96664231         60.61679545         82.88248466          6.97570413          5.92130134          8.85007785           .79084003          -.91957733          -.81471971      -1933.05689317           .00000000           .00000000        259.92499977         56.86358127
   165     2   344     4     3    11        178.16459288         62.65301174         96.58985038         12.79190356         11.69684740         16.57208601           .76451983          -.89954661          -.78481525       -553.64115344           .00000000           .00000000        263.70000097         62.65129705
   166     2  1201     4     1    12        162.22479270         49.77955058        151.52764808          4.88296166          7.18965497          7.75249347           .55987121          -.73476602          -.54853574      -1933.85004174           .00000000           .00000000        290.24999969         83.04328627
   167     2   137     4     1    23        162.57091074         10.34180575        177.35502085         29.62776400        397.82950199         19.38739383          -.95479999          -.21770198           .07390066       -221.28427468           .00000000           .00000000        306.95000000         98.37361181
   168     2  1201     4     1     9        159.16145657         39.98444155        102.03729510          3.93992324          5.38318048          5.87792931           .62665234          -.78621975          -.62708658      -1933.32362871           .00000000           .00000000        246.24999952         57.37322957
   169     2   646     4     1     8        164.47039098         53.11584045         99.39796096          7.63111994          8.23761940         10.35942098           .73222640          -.86765065          -.74474543      -1039.74563467           .00000000           .00000000        251.12499984         60.26754515
   170     2  1201     4     1    18        152.74026532         10.67525349        192.72262103          4.12478119         54.12319970          7.21290008          -.60789561          -.29856868          -.15459839      -1935.67096199           .00000000           .00000000        309.39999993        104.33877451
   171     2   102     4     3     8        154.66455514         42.48685250        178.19254440         16.45087610         35.98707483         29.04947910           .57009134          -.70020964          -.54570715       -164.13407701           .00000000           .00000000        303.92499975         96.01276979
   172     2  1201     4     1     7        145.25187543         42.30164977        100.45848129          4.58853520          6.20065059          6.64287023           .71826658          -.83636034          -.71680717      -1933.80657867           .00000000           .00000000        231.50000034         57.01973239
   173     2   630     4     3     6        154.35109021         56.49442031         87.40926481          7.93707755          7.07485782         10.26450796           .72437755          -.88356736          -.74697833      -1015.36629824           .00000000           .00000000        231.87500012         56.74105223
   174     2  1201     4     1    11        153.90358041         30.89455153         99.47735459          3.12762945          5.11800340          5.04859966           .57030758          -.73323208          -.56157792      -1933.52971007           .00000000           .00000000        237.77500047         54.22823853
   175     2   782     4     1     6        152.91556397         39.05741185         95.53431320          4.88042701          6.56391030          7.16733268           .65818210          -.80520209          -.65933007      -1258.60278239           .00000000           .00000000        234.69999949         54.12240828
   176     2  1201     4     1    11        155.34026016         56.82573308        112.83059448          5.75767308          6.15513831          7.86233052           .70191802          -.84629374          -.70727263      -1932.98539559           .00000000           .00000000        253.72499818         67.42311851
   177     2   429     4     1     8        180.38428435         65.80906027         78.77566726         13.79902535         10.38643441         17.02596347           .82474749          -.93986122          -.84666858       -691.02067214           .00000000           .00000000        251.55000080         57.79751333
   178     2   935     4     1    12        120.78578030         34.18037530        173.63367576          4.60465951         13.22111246          8.85699516           .49740409          -.65765351          -.50388056      -1505.39452879           .00000000           .00000000        264.75000073         92.14289152
   179     2  1201     4     1     7        150.85006433         48.52843274        158.74405476          4.69077545          6.85571037          7.64761847           .50545563          -.70265450          -.49174134      -1936.68328542           .00000000           .00000000        284.57500101         87.09358063
   180     2    47     4    33     3        144.98484841           .07124437        160.20312118           .00000000           .00000000           .00000000           .00000000           .00000000           .00000000        -75.98936984           .00000000           .00000000        277.07500000         91.85007825
   181     2  1201     4     1     8        191.08924993         61.78428380        120.57143697          6.83176262          7.74064806          9.35795962           .75596068          -.87393353          -.76410230      -1934.41702871           .00000000           .00000000        295.92499999         72.04767005
   182     2   308     4     3    11        171.16785868         42.26762331        164.77344400          8.85216705         17.47260183         15.39991885           .52497094          -.69340667          -.51695051       -496.05770083           .00000000           .00000000        308.69999992         88.22859556
   183     2  1201     4     3     7        162.88314978         43.98557213         89.62856168          4.56868982          5.40228876          6.35882671           .71256182          -.85073690          -.72381705      -1932.93344956           .00000000           .00000000        240.49999913         52.93628401
   184     2   687     4     1     8        155.60865009         47.69719725        101.14048143          6.23487611          7.27688482          8.78257940           .67107104          -.82783226          -.67946973      -1105.83305693           .00000000           .00000000        242.92500010         59.13350889
   185     2  1201     4     1    11        190.72976306         45.85806237        112.38024276          5.03313504          7.13511290          7.35679621           .72003554          -.83434843          -.71857302      -1933.71841315           .00000000           .00000000        286.99999897         63.36008208
   186     2   436     4     1     6        185.91865210         34.09399587        101.61167135          5.89460897          9.42264794          9.20312921           .63002681          -.76914825          -.62145690       -701.71232811           .00000000           .00000000        272.02500027         55.69153353
   187     2  1201     4     1    14        171.03548101         51.26020172        153.39983715          5.25024179          8.05255361          8.24261218           .61379786          -.76028061          -.60013660      -1932.93587817           .00000000           .00000000        300.84999932         83.80007420
   188     2   190     4     1     9        182.06976650         42.35923365        125.77360600         10.57232430         16.10421022         16.61487403           .58289397          -.74857352          -.57695643       -305.90249819           .00000000           .00000000        288.49999927         69.14206406
   189     2  1201     4     1     9        196.25632856         46.32344107        111.50894331          4.53407619          5.92912261          6.63795262           .63563930          -.79749153          -.64041735      -1933.52841680           .00000000           .00000000        291.75000085         63.41831418
   190     2   337     4    33    14        185.35539295          8.96395683        146.03415940           .00000000           .00000000           .00000000           .00000000           .00000000           .00000000       -543.09754365           .00000000           .00000000        305.07500004         75.54215220
   191     2  1201     4     1    14        187.47671411         54.15840887         88.79818063          5.70544328          5.64279682          7.52826176           .74077602          -.88517427          -.76352700      -1933.94176694           .00000000           .00000000        265.60000020         56.34061625
   192     2   440     4     1     8        192.50069671         59.62025682         98.03314701         10.43100516         10.23261042         13.76535708           .74341248          -.88599171          -.76478836       -708.28990437           .00000000           .00000000        278.74999979         62.04484235
