     1     2   414     4     1     7        152.07079978         45.23447839        106.72445752          8.70068672         11.88108899         12.55357146           .74408892          -.84985773          -.74199215       -666.98566590           .00000000           .00000000        243.67499917         60.37356175
     2     2   714     4     1    12        153.99509429         45.04501472        120.03901424          6.04370121          8.69468390          9.10992151           .65802774          -.79494672          -.65136575      -1149.19045764           .00000000           .00000000        256.22499882         66.54210634
     3     2   932     4     3     6        153.00134236         39.61502364        114.45233465          4.91302582          7.92783972          7.57138895           .68104356          -.79682587          -.66946825      -1500.48525418           .00000000           .00000000        250.20000009         62.70434640
     4     2   639     4     1     8        213.01398412         77.88928718        171.63740216         10.33089891         11.65712079         14.55398100           .65002192          -.81085404          -.64917964      -1028.55299728           .00000000           .00000000        361.49999989         99.74745677
     5     2   698     4     1     3        154.16595298         68.67306061        107.56524046          8.92186537          7.36482330         11.59947194           .70178230          -.87609061          -.72063494      -1124.02971753           .00000000           .00000000        249.62500010         68.35387224
     6     2   980     4     1    11        143.48421385         34.65216613         99.49947908          3.89882182          5.94041297          6.03996714           .61954732          -.76879229          -.61282687      -1577.30992837           .00000000           .00000000        227.87500117         54.77040144
     7     2   640     4     1    10        158.54168015         43.32786431        147.71505831          5.78737612          9.16254149          9.62470451           .49278777          -.69421465          -.48578585      -1032.67821201           .00000000           .00000000        282.49999985         80.91585153
     8     2   772     4     1     8        190.33346162         58.75031441         96.76246816          7.99996519          7.93614789         10.54577326           .76122069          -.89248705          -.78057362      -1242.48360767           .00000000           .00000000        275.49999969         61.40891772
     9     2   812     4     3     5        197.30347995         45.33291056        107.44786219          5.67147636          7.56036107          8.23270210           .68064332          -.81928319          -.68362272      -1306.86209526           .00000000           .00000000        289.47500044         61.21255573
    10     2   987     4     1     8        139.46038025         34.24543733        117.83485288          4.38802269          8.64413508          7.15986885           .67752709          -.77698908          -.65844892      -1589.81775710           .00000000           .00000000        238.82500015         62.92330190
    11     2   681     4     1    13        190.56750956         54.20308813        150.82424598          7.16878284         10.35312253         11.00204808           .61130654          -.76818398          -.60428199      -1096.13064891           .00000000           .00000000        318.70000073         83.58878483
    12     2  1011     4     1    24        194.34122843         53.81124576         43.06955756          8.32663086          4.82742861          9.59354565           .84576658          -.96483531          -.87078711      -1627.14411504           .00000000           .00000000        234.60000044         40.82131951
    13     2   804     4     1     5        155.00109070         54.81779692        105.60611420          6.68134622          7.05739838          9.12836730           .69342313          -.84739537          -.70358145      -1294.05003937           .00000000           .00000000        246.85000017         63.28327164
    14     2   719     4     1     9        177.79466815         66.55183409        109.36052281          8.52197942          7.85216086         11.16846130           .70435261          -.86939879          -.72403598      -1158.71814182           .00000000           .00000000        274.27499969         69.21471607
    15     2  1073     4     1     8        177.48583311         55.47504082         46.77305719          7.96168540          4.72990352          9.25556432           .83395342          -.96028998          -.85987500      -1727.91260563           .00000000           .00000000        221.02500183         42.52236798
    16     2   868     4     1    13        176.66095803         41.55523010         68.75920201          5.26982125          5.34241055          6.96854411           .75237134          -.88934525          -.77541552      -1397.38149465           .00000000           .00000000        237.07499998         43.36383058
    17     2   918     4     1    12        157.70617430         39.73826188         87.98930848          4.41873981          5.41729711          6.31546404           .64816130          -.81348307          -.65861689      -1478.29797410           .00000000           .00000000        233.39999884         50.83960086
    18     2   780     4     3     5        167.21768138         65.24108109        107.48069200          8.44487595          7.84728022         11.03989820           .73959178          -.88173001          -.75406417      -1255.36605120           .00000000           .00000000        262.00000007         68.20465422
    19     2   839     4     3    10        181.40708396         56.04509906         69.13251333          8.18518583          6.45210821         10.19445920           .81276297          -.93492133          -.83827982      -1350.33876640           .00000000           .00000000        243.72499882         49.84803872
    20     2   772     4     3    17        196.73235092         58.27909190        112.41650988          7.14191893          7.82880035          9.80297783           .68143448          -.84308220          -.69719188      -1243.40187097           .00000000           .00000000        294.42500092         67.62981336
    21     2   805     4     1     6        145.43452126         41.71202000        124.30321614          4.82747270          6.86018964          7.64065487           .52592767          -.72423717          -.52155822      -1298.03170586           .00000000           .00000000        250.49999883         68.71408176
    22     2   904     4     1    10        148.11564245         36.67786055        101.53556476          4.72979713          7.50938423          7.17847679           .70807129          -.81563940          -.69928575      -1455.76743393           .00000000           .00000000        234.50000040         55.77450161
    23     2   914     4     1    11        161.33737162         43.99352827         98.57679623          4.79319330          5.80837740          6.87991507           .62618465          -.80235347          -.63598333      -1472.64044946           .00000000           .00000000        246.07500006         56.91236165
    24     2   729     4     1     8        183.84377130         77.06778996        150.52098720         10.54482935         10.97752326         14.19002348           .74623556          -.86252283          -.74076552      -1174.56092061           .00000000           .00000000        314.75000027         90.83849630
    25     2   946     4     3    10        145.07249155         34.16284325         85.75048829          4.05787248          5.74090981          5.98918903           .68708983          -.81581648          -.68560743      -1522.65603658           .00000000           .00000000        218.40000063         48.19631721
    26     2   704     4     3     5        185.67387762         59.79937524        124.21943964          8.12287561          9.44499256         11.35232563           .71014398          -.84758134          -.71712185      -1133.16800417           .00000000           .00000000        293.07499964         72.59560434
    27     2   882     4     1    11        145.54311276         53.72974018        103.40496465          6.10095388          6.29360433          8.30380640           .67722411          -.83963744          -.68643615      -1419.87790167           .00000000           .00000000        235.69999960         62.30838746
    28     2   820     4     1    10        159.58006758         47.26650819        121.74820107          5.49447951          7.27238305          8.23858461           .59962671          -.77288113          -.59834692      -1320.40268635           .00000000           .00000000        263.37499994         68.37157176
    29     2   736     4     1    10        188.15523057         61.55287171        126.20181032          7.53584876          8.35962250         10.50844686           .65290517          -.82353927          -.66337313      -1185.38065977           .00000000           .00000000        297.40000084         74.57331925
    30     2   782     4     3    11        181.89290009         43.74317022        101.02920894          5.60690284          7.34216224          8.07646666           .68989355          -.82645239          -.69398053      -1258.58673796           .00000000           .00000000        268.70000019         57.87646425
    31     2   756     4     3     5        183.46765020         68.51227206        102.31090158          8.95082466          7.70267376         11.50954055           .73522423          -.89184226          -.75839008      -1217.61392104           .00000000           .00000000        274.42499943         67.26248409
    32     2   790     4     1    13        140.66186561         42.99703101        119.41358328          5.48366168          7.99579136          8.36609339           .64759301          -.78425509          -.63569726      -1271.51371686           .00000000           .00000000        242.12500046         65.84486932
    33     2  1174     4     1     8        146.43443288         53.47496810        130.76394503          5.82138941          7.48571462          8.42299261           .71191856          -.82639946          -.69815868      -1891.80496829           .00000000           .00000000        258.50000043         73.67665909
    34     2   695     4     1     8        164.27191790         59.47788367        130.93952793          7.58377092          8.63373930         10.73357968           .65366104          -.81262255          -.65234115      -1118.63261382           .00000000           .00000000        277.12500000         76.01017613
    35     2   770     4     1    12        155.86753833         59.32080313        121.16667368          7.55743541          8.08545620         10.30369863           .70642245          -.84242163          -.70471364      -1239.35681989           .00000000           .00000000        261.49999966         72.27205428
    36     2   898     4     1    11        127.76333341         19.57603363        114.70942370          2.91641089         12.16664870          6.02833009           .48236815          -.65068656          -.54293797      -1445.48832171           .00000000           .00000000        222.49999877         60.30961879
    37     2   904     4     1     8        144.71201147         44.29663936        116.23303584          5.96836799          8.99888703          8.84815487           .74769865          -.84033863          -.73690089      -1457.34020048           .00000000           .00000000        243.95000033         64.32823992
    38     2  1089     4     1    11        140.66417755         31.76416333        225.24117630          5.25015962         69.94740558         15.17727346           .58216373          -.71554754          -.80965411      -1752.71266938           .00000000           .00000000        326.09999946        117.68780729
    39     2   882     4     1    14        175.83486393         48.49863427         72.19488780          6.53391199          6.08840437          8.44747247           .79077339          -.91335036          -.81372722      -1419.52927666           .00000000           .00000000        239.85000101         47.69384252
    40     2   910     4     1     8        190.87560650         45.73310121         71.35085306          5.76615435          5.58447399          7.52331035           .76475688          -.89943203          -.78936058      -1465.16472207           .00000000           .00000000        253.87500003         46.13346791
    41     2   776     4     1     8        155.28027088         48.45737461        119.69466892          5.97094696          7.77914207          8.78774195           .64136272          -.79556066          -.63879848      -1248.95605663           .00000000           .00000000        257.74999981         67.68373155
    42     2   802     4     1    21        164.99895924         46.87025323        135.70426022          6.06467290          9.45357075          9.36909947           .65472344          -.78290608          -.64188225      -1290.90305815           .00000000           .00000000        280.19999940         74.52137256
    43     2   659     4     1    12        154.32359406         45.45502239        111.63948471          6.00912068          7.83303629          8.86110297           .63134434          -.79285988          -.63211020      -1060.80465324           .00000000           .00000000        249.75000063         63.01255780
    44     2  1142     4     3    10        171.00265323         69.53126866        162.81103116          7.10648943          7.80976170         10.06924911           .66015567          -.80675463          -.64616663      -1838.31638057           .00000000           .00000000        311.97499985         93.06573912
    45     2   764     4     3     5        157.06000588         81.30590152        111.94354139         10.40836139          8.07209289         13.02495603           .73786738          -.89734834          -.75860094      -1230.03858885           .00000000           .00000000        258.50000152         76.07397747
    46     2   752     4     1     7        198.06675286         55.64886547        118.22985632          7.07066805          8.47853116          9.95974094           .68385722          -.83315565          -.69312715      -1210.37529156           .00000000           .00000000        300.17500017         69.16572146
    47     2   906     4     1     7        176.96103290         69.10358706         55.61205001         10.70447183          6.02134040         12.25868852           .83304884          -.96085189          -.85713046      -1459.92281535           .00000000           .00000000        229.32500057         52.43202059
    48     2   799     4     1    12        175.13211423         49.11513956        120.61263994          6.62842684          9.32981776          9.69966858           .72136515          -.83480956          -.71854611      -1286.66139688           .00000000           .00000000        278.39999971         67.74116137
    49     2   614     4     1     8        165.90391002         54.29547735        147.76440566          7.48187146         10.20554778         11.37836309           .60848144          -.76877962          -.59870618       -988.23661289           .00000000           .00000000        291.55000020         81.84480734
    50     2   809     4     1     7        163.17502823         27.77795773        109.50620600          3.96873625          8.96551697          6.82650944           .63174179          -.74211588          -.61696249      -1302.87902449           .00000000           .00000000        254.95000070         57.61052369
    51     2   780     4     1     8        159.18260182         45.24334113        101.40022261          5.99027011          7.68699089          8.53783473           .71705879          -.84205246          -.72011838      -1255.60840739           .00000000           .00000000        246.50000113         58.36308696
    52     2  1158     4     1     6        171.90609681         66.45162258        162.63796059          6.10138997          6.79684511          9.00719446           .55440136          -.75740778          -.54578000      -1867.82289261           .00000000           .00000000        310.67499947         92.30800046
    53     2   632     4     1     6        154.17032139         55.14368034        154.93681770          7.10398711          9.01233126         10.96572348           .54161973          -.73452809          -.52747682      -1018.26399672           .00000000           .00000000        285.62499998         86.26190802
    54     2   886     4     1     6        173.91623616         48.57262698        100.56163736          5.66758854          6.65609997          7.93024397           .68516231          -.83693654          -.69664975      -1426.17279291           .00000000           .00000000        260.89999884         59.18965300
    55     2   736     4     1     7        165.96335691         76.09684403         93.53468579         10.86698530          8.01870416         13.17489245           .78527139          -.92222315          -.80881568      -1184.88812779           .00000000           .00000000        252.07500123         68.50596177
    56     2   924     4     1     6        182.17720931         63.98376720         70.89709299          9.17123294          6.56031356         11.15876719           .82316941          -.94392812          -.84766126      -1487.16282177           .00000000           .00000000        246.74999824         54.32023195
    57     2   628     4     3     8        164.20319096         49.63887652        164.85677575          7.11146722         11.77664338         11.58077138           .58295402          -.73422274          -.56593588      -1010.75940029           .00000000           .00000000        303.05000046         88.88761142
    58     2   682     4     1    13        188.23686425         75.92292469        126.03865027         11.04453663          9.86756416         14.56582254           .76287029          -.89229500          -.77151251      -1098.95999006           .00000000           .00000000        298.32500029         79.07377418
    59     2   704     4     1    12        205.41663597         64.56860989        125.55642110          8.82497554          9.86317768         12.11725860           .72330316          -.86017060          -.73471818      -1133.07588318           .00000000           .00000000        314.47499967         74.95846709
    60     2   935     4    33     4        149.12301794          5.60048022        101.82981946           .00000000           .00000000           .00000000           .00000000           .00000000           .00000000      -1506.54572254           .00000000           .00000000        232.62499885         51.21935071
    61     2   804     4     1     7        185.36000668         54.52516813        107.52412386          6.67522264          7.51186675          9.21748346           .69169649          -.84530316          -.70584292      -1294.31235495           .00000000           .00000000        278.64999885         64.01759513
    62     2   728     4     1     8        207.19006406         48.40718470        142.39824854          6.50081776         10.35925569         10.13427261           .63748367          -.77462324          -.62912330      -1171.67486452           .00000000           .00000000        327.82499990         77.78780024
    63     2   780     4     1     7        164.08272391         47.07290210        129.28591530          5.73293388          8.09451809          8.76335558           .60091908          -.76512473          -.59541328      -1255.69116471           .00000000           .00000000        274.00000000         71.85749722
    64     2   686     4     1    14        135.51746170         35.05235336        167.27495535          5.94035898         18.36304582         11.06322649           .62789304          -.72618050          -.62113489      -1106.69794785           .00000000           .00000000        275.24999981         86.40420888
    65     2  1062     4     3     6        151.17374332         41.86508619         77.05513944          5.13993892          5.75020555          6.95783144           .78219817          -.89183089          -.79503221      -1710.59300321           .00000000           .00000000        218.42500115         46.93017957
    66     2   868     4     1    12        151.31730981         45.66286857        119.52592894          5.65009890          8.02737593          8.45697636           .67564374          -.80542672          -.66841293      -1397.24712573           .00000000           .00000000        253.17499981         66.28342207
    67     2   860     4     1    12        148.76988738         34.45696303        103.63752801          3.98064928          6.00637700          6.29628929           .56003116          -.73725335          -.55513814      -1385.20856798           .00000000           .00000000        236.37499904         57.02781627
    68     2   861     4     1    10        132.98240605         19.41640586        118.43301900          2.99326192         13.62783134          6.32117945           .46358974          -.64147608          -.54192193      -1386.09777732           .00000000           .00000000        230.75000101         62.55547586
    69     2   804     4     1     5        191.13328252         70.86304778        113.23314519          9.12752465          8.46825333         11.85402890           .74753267          -.88770542          -.76468530      -1294.16254476           .00000000           .00000000        291.17499878         72.83952885
    70     2   872     4     1     5        148.73521534         57.42520648         93.02956604          7.18037862          6.49008357          9.38652944           .74656111          -.88878498          -.76333580      -1403.99385652           .00000000           .00000000        230.99999968         59.06314615
    71     2   848     4     1     7        178.47053878         68.15202603        107.23111110          8.83991112          8.00789440         11.48270481           .76356409          -.89687618          -.78010049      -1365.12181443           .00000000           .00000000        273.22499930         68.98370853
    72     2   888     4     1    13        149.95231257         53.42575374         95.14578733          6.59980793          6.62285004          8.84204011           .73905446          -.87644394          -.75272248      -1429.56409854           .00000000           .00000000        233.27500058         58.24969383
    73     2  1099     4     1     5        154.73943895         64.95896729        195.34271704          6.75727570          8.68579017         10.53330461           .59433085          -.74224866          -.55616221      -1769.17926085           .00000000           .00000000        320.00000061        106.08390447
    74     2   840     4     1     6        181.46305391         56.33611533        102.27948027          7.13600475          7.59617641          9.63167452           .73768470          -.87343749          -.75292776      -1351.93427063           .00000000           .00000000        270.75000079         62.52449412
    75     2   722     4     3     6        190.62510776         68.55644884        120.46777505          9.16097605          8.93490409         12.25935660           .72696017          -.87211729          -.73962486      -1162.04002861           .00000000           .00000000        295.75000057         74.27103975
    76     2   734     4    33     6        126.63672027          6.25379065        153.19119320           .00000000           .00000000           .00000000           .00000000           .00000000           .00000000      -1182.18928812           .00000000           .00000000        251.17499980         81.36763377
    77     2   978     4     1    10        150.98317522         36.33349999         97.04612439          4.75221980          7.53466534          7.10406667           .74895056          -.84066148          -.74144276      -1575.94698906           .00000000           .00000000        233.74999934         53.53678849
    78     2   876     4     1     8        183.92993485         48.86550942         97.51764712          6.53635771          7.85144090          9.02221460           .77043545          -.87914028          -.77953511      -1410.93873635           .00000000           .00000000        268.57500013         57.89466079
    79     2  1004     4     1     9        169.11710566         52.67161553         56.20639009          7.47461715          5.26360014          9.06678208           .83080904          -.94890793          -.85623070      -1616.34510150           .00000000           .00000000        220.42499917         44.00047518
    80     2   678     4     1     8        215.95419542         78.08851178         88.69688549         12.54449932          9.08378177         15.31531724           .80860107          -.93788804          -.83408705      -1091.64959748           .00000000           .00000000        296.57500091         66.84678022
    81     2   887     4     3     8        198.57574473         33.11269810         86.39209943          3.96100399          5.68291290          5.90762407           .65685758          -.79745822          -.65618442      -1427.57072336           .00000000           .00000000        272.27499950         48.29882915
    82     2   708     4     1    18        163.48169115         47.26556582        168.04169760          6.58019940         12.04410365         10.98290565           .58725737          -.72865346          -.56920677      -1139.47824174           .00000000           .00000000        304.57499965         89.90657423
    83     2   871     4     1    12        166.57560529         40.49893240        117.20960273          4.37566654          5.98772507          6.87143560           .49991806          -.71844855          -.50230734      -1407.31026432           .00000000           .00000000        265.75000046         65.42768982
    84     2   768     4     1     8        112.55756204         35.70885175        159.00019404          4.93375536         10.46735783          8.96303027           .49471934          -.66370853          -.47867091      -1236.55443283           .00000000           .00000000        244.97500007         84.68767203
    85     2   772     4     1     7        182.70429186         62.77374910         81.54621724          9.39609662          7.58987246         11.79078742           .80869902          -.92948750          -.83125821      -1242.81425305           .00000000           .00000000        255.82500015         57.45469362
    86     2   668     4     1    12        164.09005851         49.72134772        141.02606531          6.65649684          9.62293826         10.28752812           .60554832          -.76393080          -.59700137      -1075.16860906           .00000000           .00000000        283.67499855         77.46784450
    87     2   923     4     3     7        159.03266990         42.10271327        104.73410705          4.63191032          6.10446876          6.87124308           .61253744          -.78375991          -.61600411      -1486.31616754           .00000000           .00000000        248.47499772         59.06205925
    88     2   651     4    33    12        154.21630351          9.73223634        192.75218439           .00000000           .00000000           .00000000           .00000000           .00000000           .00000000      -1051.71927418           .00000000           .00000000        310.42499937        107.23915791
    89     2   915     4     1    10        141.43521214         31.85184510        104.91507967          4.14362346          7.73398691          6.66901765           .67258696          -.77925486          -.65646441      -1473.43869694           .00000000           .00000000        229.99999920         56.29942312
    90     2   991     4     1    11        152.41987813         30.55617342        100.79133525          3.44987885          5.82057982          5.61211777           .57432608          -.73209669          -.56415649      -1595.26821315           .00000000           .00000000        237.32500150         54.76419281
    91     2   814     4     3     8        154.98739168         49.56113530        116.39120745          6.07117726          7.61833311          8.77519302           .66700618          -.81346497          -.66636568      -1310.08662551           .00000000           .00000000        254.95000083         66.22780755
    92     2   935     4     1    12        120.78578030         34.18037530        173.63367576          4.60465951         13.22111246          8.85699516           .49740409          -.65765351          -.50388056      -1505.39452879           .00000000           .00000000        264.75000073         92.14289152
    93     2   624     4     1    14        151.71161853         55.30622106        146.16918753          7.11530663          8.47508446         10.74998423           .55921827          -.74862533          -.54387910      -1006.00714274           .00000000           .00000000        275.74999973         81.91326141
    94     2   754     4     1    12        179.72757998         57.11666562        124.96417845          7.99462062          9.95522041         11.30368706           .74339709          -.85740952          -.74500056      -1214.72166789           .00000000           .00000000        287.42500011         71.89987448
    95     2   944     4     3     6        162.43679982         46.03483300         93.32823697          5.33620332          6.23020799          7.42194177           .70583005          -.84843069          -.71754287      -1519.32595609           .00000000           .00000000        243.24999932         55.08799885
    96     2   818     4     1    10        186.96931532         44.49389421        119.20419644          5.78811200          8.73732837          8.72008510           .68543225          -.80812066          -.68021308      -1316.75705642           .00000000           .00000000        288.50000133         65.94126285
    97     2   695     4     1     4        167.11098705         58.41300509        159.85299964          7.85888937         10.70700543         11.90464762           .64150278          -.78278492          -.62600623      -1118.79770992           .00000000           .00000000        303.12500112         87.88797819
    98     2   768     4     1    11        194.01356817         48.11399523        106.12950447          5.98746335          7.42090647          8.53938020           .66796357          -.82258592          -.67758124      -1236.28496101           .00000000           .00000000        285.35000034         61.28745807
    99     2   820     4     1     8        185.78492440         49.44784693         95.05983523          5.89773997          6.53250654          8.09707714           .68302149          -.84474272          -.70097911      -1320.99651300           .00000000           .00000000        268.37499893         57.12418017
