     1     2   270     4     1     7        139.88389196         37.80706276        102.72108886          8.74790424         13.43029682         13.20895811           .69900594          -.81264140          -.69046383       -434.74233437           .00000000           .00000000        227.37500083         56.71350665
     2     2   880     4     3    10        153.30147872         55.55715689        105.69735000          6.90585662          7.27933982          9.29711882           .73901536          -.86671065          -.74512289      -1416.73733717           .00000000           .00000000        245.74999985         64.08051590
     3     2  1040     4     1     7        128.29338085         37.41496758        106.46491829          3.98145337          5.78511639          6.16046678           .59743934          -.75935621          -.58964926      -1674.09349109           .00000000           .00000000        218.62499989         58.77645802
     4     2   647     4     3     7        214.61257265         99.18151514        150.23257050         14.32945866         12.14670765         18.19831546           .75701837          -.89478736          -.77174016      -1041.62120683           .00000000           .00000000        349.30000081         99.08877351
     5     2   704     4     3     7        156.17740540         72.14440751        104.96896633         10.25678371          8.00766465         12.74756134           .76741459          -.90330000          -.78291072      -1133.86537969           .00000000           .00000000        251.49999874         70.97784959
     6     2   923     4     1     7        147.23355268         36.53017216         99.82285005          4.71881728          7.46685057          7.12754675           .71892459          -.82267623          -.71075468      -1486.57430573           .00000000           .00000000        232.22499810         54.90129250
     7     2   636     4     1    15        141.56864040         12.43610577        179.59089151          4.30488495         23.89004607          9.14854544          -.25782717          -.45506546          -.08822103      -1026.89580533           .00000000           .00000000        287.72500069         97.06712511
     8     2   644     4     3    12        183.55146219         57.97327980         95.25872558          9.87579331          9.92686362         13.00047168           .82053758          -.91779162          -.83483839      -1039.33890132           .00000000           .00000000        267.49999974         60.35934287
     9     2   811     4     1     6        194.59861375         56.99336726        118.80813416          7.98066671          9.87341752         11.11256414           .77044196          -.87456222          -.77531879      -1306.74004065           .00000000           .00000000        297.49999918         69.70434036
    10     2   976     4     1    12        128.15616445         22.87200755        122.84777370          3.22303507         11.50776387          6.36194319           .54229666          -.67869830          -.56516039      -1570.90992314           .00000000           .00000000        230.07499994         64.26213462
    11     2   718     4     1     4        180.44495446         78.52948318        129.95306250         11.56589575         10.72610371         14.99644924           .78809738          -.89981625          -.79588401      -1159.07508734           .00000000           .00000000        295.47500102         82.53112547
    12     2  1021     4     1     7        189.36238711         55.16290314         44.54167664          8.34562353          4.85392088          9.62950113           .84076661          -.96339283          -.86624122      -1643.76786460           .00000000           .00000000        230.97499892         41.88498321
    13     2   825     4     1     8        151.41287895         45.04614542        110.26135749          5.25471947          6.75758157          7.74014676           .62053878          -.78840414          -.62194517      -1328.24138890           .00000000           .00000000        245.75000064         62.44847824
    14     2   706     4     3    10        167.99278705         64.31224535        119.51715255          8.76027944          8.93903469         11.78172026           .73058333          -.86565738          -.73751650      -1136.65640638           .00000000           .00000000        272.42500065         72.72078062
    15     2  1048     4     1     7        156.35301480         42.06536177         73.63049116          5.36492281          5.79959356          7.18621989           .79895987          -.90386024          -.81389356      -1688.45410788           .00000000           .00000000        220.82500054         45.50815085
    16     2   820     4     1    15        169.77339314         52.42774522         75.87486553          6.99038476          6.23492909          8.97086527           .76886594          -.90730697          -.79431417      -1320.51313402           .00000000           .00000000        237.25000006         50.65261457
    17     2   895     4     1     7        141.63360877         38.29558790         98.27479377          4.46349513          6.19108282          6.66193296           .64414736          -.79324240          -.64235179      -1440.48094482           .00000000           .00000000        225.50000092         55.06246433
    18     2   758     4     1    11        139.26022639         33.69449720        147.24980461          4.96624081         12.44205499          8.96355387           .58043788          -.70780014          -.57087436      -1220.00968908           .00000000           .00000000        262.04999937         77.46110336
    19     2   664     4     1     5        143.97168211         79.93339011        116.99413397         11.49427908          9.21629805         14.67966933           .76576696          -.90117471          -.77588211      -1069.97602169           .00000000           .00000000        248.00000003         77.09834671
    20     2   754     4     1     9        182.27151049         40.56185847        127.41985854          5.72073459         10.12962114          9.06538064           .67397960          -.78509480          -.66029065      -1214.01848203           .00000000           .00000000        290.00000037         68.73136192
    21     2   787     4     1     6        150.74556732         37.52728947        120.40212927          4.57533473          7.21476684          7.40931861           .54292926          -.72158996          -.53467448      -1267.83453476           .00000000           .00000000        252.22499988         65.99660465
    22     2   960     4     1     7        132.24166655         29.28178228        106.91986306          3.78416236          7.86126611          6.32670489           .65135394          -.75826120          -.63346909      -1545.93210630           .00000000           .00000000        222.12499872         56.74105251
    23     2   940     4     1    14        163.68840224         50.87001858         94.67856060          6.04661670          6.51717896          8.20956728           .72998102          -.86802080          -.74438941      -1512.88708445           .00000000           .00000000        246.24999918         57.35252806
    24     2   635     4     1     6        144.35903585         87.19719456        169.36596598         11.67929449         10.82430349         15.99786233           .70009249          -.83956217          -.68256834      -1022.46333347           .00000000           .00000000        290.25000042        100.42503452
    25     2   848     4     1     6        149.57368944         33.83091231         97.06049194          3.78236745          5.31162482          5.90639852           .53075063          -.73196705          -.53214412      -1367.79162085           .00000000           .00000000        231.72500013         53.84307632
    26     2   698     4     3     7        173.15068950         81.38219036        151.25940688         10.61759011          9.79619624         13.71258022           .71013429          -.84841754          -.70631353      -1124.00861481           .00000000           .00000000        308.24999996         94.61441488
    27     2   752     4     1     8        145.82761950         46.53641258         91.68118563          6.86164165          7.98305983          9.40122986           .78298415          -.88535554          -.78911339      -1212.46712643           .00000000           .00000000        225.55000117         54.68644768
    28     2   690     4     1     7        158.78698966         51.29645018        118.51615416          6.38139796          7.62077175          9.23463686           .61286086          -.79185223          -.61648502      -1111.39277096           .00000000           .00000000        260.49999980         67.98988851
    29     2   770     4     1    11        180.37941181         54.28450325         99.57497628          7.30308837          7.90559606          9.88974700           .74573953          -.87628578          -.76058210      -1239.36612531           .00000000           .00000000        267.25000059         60.59341963
    30     2   846     4     1    14        188.02594272         61.40714425         83.98332674          8.38512889          7.12424105         10.63270802           .78939881          -.91887028          -.81335012      -1361.77377968           .00000000           .00000000        262.97499955         57.66061929
    31     2   657     4     1    14        127.76380331          9.61391439        170.71463300          3.97515016         22.89691472          8.56283049          -.18667496          -.46953000          -.09618351      -1057.86733620           .00000000           .00000000        266.99999982         90.60353122
    32     2  1186     4     1     9        117.42233725         47.17172352        158.75719993          4.72149681          6.22759151          7.56170763           .53917812          -.70202621          -.49551194      -1910.80457136           .00000000           .00000000        252.32500105         87.41256772
    33     2  1199     4     1     5        126.98288754         61.48227550        144.39626370          5.81077028          6.19748594          8.04654846           .63525820          -.78199247          -.60924557      -1930.10901136           .00000000           .00000000        254.00000026         85.23675912
    34     2   754     4     1     9        170.49753408         74.70803363        100.99041595         10.51901056          8.33649190         13.13285763           .78225643          -.91512184          -.80178748      -1213.69059261           .00000000           .00000000        261.50000019         69.77065964
    35     2   746     4     1     7        135.61485337         43.69388403        130.05558026          5.80217937          8.86500383          9.04173919           .63809191          -.77057589          -.61952166      -1200.86197896           .00000000           .00000000        245.82500021         70.98937763
    36     2   820     4     1    12        130.51551689         35.50241780        150.15158911          4.56033118          9.22599378          8.20210878           .47204680          -.66190682          -.46591010      -1323.51009637           .00000000           .00000000        255.37499942         81.46960783
    37     2   923     4     1    12        158.06335794         56.87580616        110.11511607          6.73413220          7.16678738          9.15400597           .71965483          -.85771707          -.72732706      -1485.70666187           .00000000           .00000000        254.14999845         66.01062412
    38     2   650     4     1    11        159.84201452         59.24029561        171.33876147          7.68536799          9.78551318         11.84663785           .55311015          -.73401715          -.53288820      -1046.95483553           .00000000           .00000000        305.75000024         95.04308231
    39     2   722     4     3     7        156.24857323         42.55203692        111.12078007          5.46233079          7.58843761          8.20282673           .63008523          -.78450753          -.62720010      -1162.10301533           .00000000           .00000000        250.99999874         62.23744918
    40     2   929     4     1    13        184.88347488         59.47995441         76.73851581          8.18713757          6.61239663         10.29512880           .80985351          -.93119998          -.83369414      -1495.58471473           .00000000           .00000000        253.67499993         54.00710158
    41     2   774     4     1     8        155.54889761         53.20804766        127.86280007          6.52566488          8.08346168          9.51133126           .64347006          -.79928536          -.63943634      -1245.70736757           .00000000           .00000000        265.09999996         72.40808058
    42     2   748     4     3    12        181.36078763         55.92863963        111.25438439          7.30047739          8.26662427         10.10365460           .70914240          -.85222818          -.72073364      -1203.85765892           .00000000           .00000000        277.79999861         65.84933594
    43     2   826     4     1     7        158.39135010         49.78493265         99.06029115          5.91078066          6.56020409          8.17745616           .67880473          -.83825647          -.69101969      -1329.85958348           .00000000           .00000000        244.27500068         58.96971247
    44     2  1026     4     1     7        164.88624867         91.74958584        156.33141367          9.62614036          9.14420415         11.90756495           .72332989          -.85448949          -.72535036      -1653.35105771           .00000000           .00000000        308.47499835        103.97007619
    45     2   731     4     1     5        158.15082827         62.10079521        145.65988559          7.32805322          8.06946928         10.58956250           .58820861          -.77704681          -.58222942      -1177.50331690           .00000000           .00000000        283.44999952         83.40433179
    46     2   822     4     1     4        172.00715545         60.91739924        131.24905061          6.95941125          7.64010032          9.84548503           .62925322          -.80816718          -.63435819      -1323.78170022           .00000000           .00000000        285.22499810         76.22927131
    47     2   805     4     3     9        179.14809431         73.70098392         65.13192088         11.72658598          6.99198921         13.57743487           .82958962          -.95571333          -.85410907      -1296.40473939           .00000000           .00000000        240.37500019         57.75311250
    48     2   796     4     1     4        156.90983016          8.99437267        151.80823757          3.54809468         19.08390668          6.88519951          -.45631189          -.46820473           .05134840      -1287.32337185           .00000000           .00000000        282.05000008         74.29473330
    49     2  1102     4     1     8        169.54260018         55.69065665        179.69248557          5.85275389          8.94412764          9.44887551           .56561288          -.72870334          -.54619459      -1773.74508550           .00000000           .00000000        321.02499918         97.49339552
    50     2   778     4     1     7        171.05158658         45.38350625        104.71427563          5.87353382          7.69699493          8.46955127           .69454822          -.82912811          -.69848257      -1252.17883144           .00000000           .00000000        260.97499963         59.73359058
    51     2   799     4     1     8        161.16278168         50.74598551        100.09841852          6.29987876          7.00959271          8.69605556           .69882777          -.84846551          -.71107212      -1285.99091050           .00000000           .00000000        248.00000060         59.46006994
    52     2   636     4     1     8        164.87168687         53.73988251        147.15360270          7.22650132          9.74211593         11.01181027           .59803040          -.76388675          -.58829974      -1023.76326712           .00000000           .00000000        290.07500070         81.64142200
    53     2   610     4     1    12        166.06838340         59.52718376        151.80169165          8.45506745         10.88109715         12.49891238           .65433456          -.79557981          -.64141774       -981.94086672           .00000000           .00000000        295.75000010         84.86791181
    54     2   774     4     3     9        163.85793025         40.92640074        129.38923241          5.48407672          9.43344979          8.74843381           .63995312          -.76725149          -.62659292      -1245.80106845           .00000000           .00000000        273.14999912         69.96536570
    55     2   720     4     3     7        180.83007204         87.95378478         98.01832845         13.27734728          9.26622938         15.87869834           .80491973          -.93486952          -.82834964      -1158.88247835           .00000000           .00000000        271.74999956         75.33632886
    56     2   861     4     1    10        150.50190366         35.04139664        104.62437872          4.51490654          7.51195309          7.03829829           .67038837          -.78821665          -.65846189      -1386.06486040           .00000000           .00000000        239.19999826         57.06150324
    57     2  1130     4     1    11        158.92383588         46.17742325        169.89752879          4.90069519          8.68180466          8.33176606           .52453406          -.69690526          -.50987031      -1819.96871506           .00000000           .00000000        301.25000050         91.84599846
    58     2   751     4     1    10        131.21685922         11.86134327        207.08628858          4.37602787         26.66011768          9.84183233           .03164169          -.49006717          -.19552912      -1209.01634364           .00000000           .00000000        300.10000098        109.70781576
    59     2   726     4     1     9        177.90015866         79.89856959        143.66507609         10.98686971         10.14241077         14.73981956           .74386660          -.87674880          -.74719203      -1171.40053203           .00000000           .00000000        303.25000037         86.91195163
    60     2   949     4     1     8        128.69378293         39.90476016        106.26016463          4.38006423          5.90919662          6.62749665           .60363214          -.77064397          -.59857529      -1527.68991629           .00000000           .00000000        219.14999870         59.10797384
    61     2   708     4     1    12        165.75248723         49.07009055        168.71723125          6.84679814         12.22979450         11.27077125           .60428333          -.74024312          -.58592205      -1139.54750487           .00000000           .00000000        307.69999994         90.30966188
    62     2  1174     4     3    11        204.97323610         60.92197505        174.54364455          6.09305781          8.83755397          9.45012845           .59302298          -.75667357          -.58477029      -1889.82668515           .00000000           .00000000        352.99999983         96.16935600
    63     2   838     4     1    10        167.78997839         46.96869193        114.20374315          5.48445645          7.13746570          8.06459573           .63018880          -.79374030          -.63290611      -1349.11179249           .00000000           .00000000        265.47499907         64.65622172
    64     2   736     4     1     6        158.34015471         40.59853162        138.39386651          5.50788219          9.86769271          9.05140083           .59929167          -.73915697          -.58409846      -1184.54535969           .00000000           .00000000        274.85000202         74.65823712
    65     2  1094     4     1    11        139.51134269         28.70635935         85.28456648          3.47415182          5.99219155          5.37804962           .71310961          -.81120911          -.70117141      -1762.29759766           .00000000           .00000000        211.85000073         46.27691098
    66     2   882     4     1     8        157.04171018         51.75385347        113.65060480          5.89744895          6.89473238          8.38242812           .65645754          -.81627436          -.65983283      -1419.70477658           .00000000           .00000000        254.87500090         65.89713247
    67     2   750     4     1     7        137.74950134         47.31783381        124.47875529          5.59465534          7.00579713          8.44480250           .56486900          -.75402699          -.55788126      -1208.22557400           .00000000           .00000000        243.74999979         69.77598163
    68     2   686     4     1    14        128.62236161         10.52267068        148.16045145          3.77684729         27.83524285          7.24876802          -.48151866          -.40548236          -.06125182      -1104.38467886           .00000000           .00000000        249.57500010         78.22302644
    69     2   786     4     1     7        183.18075492         59.18643655        134.79491750          7.79937655          9.87227143         11.14255546           .71454841          -.83840621          -.71327385      -1265.63382111           .00000000           .00000000        299.17499920         77.25180813
    70     2  1038     4     1    11        152.99988530         59.43088198         81.76040731          7.72864963          6.19949301          9.77757955           .81321607          -.92663472          -.82858280      -1673.21556081           .00000000           .00000000        225.52500168         55.97925387
    71     2   878     4     1     6        146.57132688         51.34726988        132.07281509          6.08194261          7.88075518          8.97419324           .65118073          -.79305679          -.63882505      -1413.17324018           .00000000           .00000000        259.70000031         73.93940004
    72     2   858     4     1     8        123.45091217         48.98461190        127.33788563          5.73424145          6.95328178          8.51417691           .63649647          -.78068767          -.61160458      -1380.98797530           .00000000           .00000000        231.75000019         71.04356115
    73     2  1048     4     1    10        168.00983630         56.47016447        228.14466335          6.71421493         13.11727560         11.63149118           .56724349          -.70243577          -.53713266      -1687.74251912           .00000000           .00000000        359.42499959        120.01059213
    74     2   900     4     1     9        174.43007361         55.41438065         94.20874725          7.00897133          7.09305473          9.30993688           .76045820          -.88951396          -.77779125      -1448.63805844           .00000000           .00000000        257.12499988         58.91559188
    75     2  1139     4     3     8        189.74698419         57.92356495        154.08819612          6.31001670          9.12438417          9.47599644           .67934743          -.80473062          -.67006603      -1833.68149468           .00000000           .00000000        321.02500116         85.32409945
    76     2   631     4     1    25        125.26451163         10.68765939        198.19199379          4.58323199         24.43553769         10.26463958           .07213141          -.49754494          -.18563637      -1019.62088519           .00000000           .00000000        285.89999867        110.53196406
    77     2  1018     4     3     7        152.01496461         46.00988097         90.36307474          5.68071099          6.61826812          7.81043105           .76912067          -.88002264          -.77796714      -1639.99014414           .00000000           .00000000        230.50000024         53.72848293
    78     2   873     4     1    13        178.74773108         56.44475612        103.68016509          6.77596571          7.13430439          9.18503380           .71469824          -.86277705          -.73006319      -1405.25658883           .00000000           .00000000        269.02500019         62.98318761
    79     2  1016     4     1    14        135.85662260         28.94998199         90.76235889          3.24604786          5.33240567          5.17837362           .60213359          -.75040752          -.59200247      -1635.25384161           .00000000           .00000000        212.52499898         49.46490545
    80     2   712     4     3     9        201.58517323         67.57061156        121.81742830          9.78152193         10.24043477         13.15363304           .76631184          -.88632846          -.77775124      -1146.93426413           .00000000           .00000000        307.97499950         74.60634658
    81     2   901     4     1     8        186.95728435         40.47735719         80.19371645          4.62231049          5.27121216          6.38352412           .68122304          -.84055509          -.69829315      -1451.15034598           .00000000           .00000000        256.50000005         47.82520124
    82     2  1153     4    33    13        113.80536151         11.48680390        223.18885745           .00000000           .00000000           .00000000           .00000000           .00000000           .00000000      -1877.70063684           .00000000           .00000000        294.50000011        125.90969052
    83     2   746     4     1     5        160.16473345         44.43948585        153.20455438          5.89747724         10.37646580          9.74773846           .57828386          -.72776740          -.56244142      -1200.70172154           .00000000           .00000000        289.04999997         82.76175126
    84     2   712     4     1    41        133.41274283         10.55512960        149.32775238          4.33769405         40.40412115          7.16316821          -.65645170          -.33713586          -.05677026      -1146.39985741           .00000000           .00000000        255.75000075         77.16338150
    85     2   820     4     3     8        187.83857298         59.01284700         84.00265396          8.06403189          7.11145370         10.31649238           .78133608          -.91319044          -.80579498      -1319.92250143           .00000000           .00000000        262.62500045         56.51036951
    86     2   773     4     1    11        145.25574627         32.78834593        171.00579575          5.06151739         16.94575795          9.89265467           .53137166          -.67501954          -.55051954      -1244.25118205           .00000000           .00000000        286.90000031         90.09009307
    87     2   917     4     3     8        172.21433469         51.98412637        100.79956664          6.66636084          7.64488210          9.13206458           .76345088          -.87827872          -.77292993      -1476.91841313           .00000000           .00000000        259.85000091         60.36805964
    88     2  1196     4    33    16        161.98011735         25.15402452        214.70252356           .00000000           .00000000           .00000000           .00000000           .00000000           .00000000      -1925.79622125           .00000000           .00000000        338.07499935        113.32813774
    89     2   949     4     1     6        149.77972258         45.05981694         96.74856652          5.14423048          6.19199002          7.26361799           .68893773          -.83412235          -.69611937      -1527.35934526           .00000000           .00000000        233.24999894         56.25555636
    90     2   968     4     1    10        142.54011798         33.86478397        121.02134447          3.88832449          6.95254501          6.54120826           .54016804          -.70847142          -.53013299      -1558.90540343           .00000000           .00000000        244.00000046         65.35828085
    91     2   838     4     1    11        150.58470837         49.54583925        120.80125433          5.65379238          6.97685819          8.31252916           .60717728          -.78310172          -.60688023      -1349.31744364           .00000000           .00000000        253.97499874         68.28910396
    92     2   700     4     3    16        118.16324402          8.53939126        161.81723544          3.64286570         22.64559396          7.89044770          -.15348759          -.47285196          -.11582396      -1127.70349509           .00000000           .00000000        249.75000088         87.04919515
    93     2   618     4     1    14        138.46139123         25.65634731        155.00440749          4.72765957         22.60041034         10.01946789           .49401681          -.65693820          -.56952247       -994.86428782           .00000000           .00000000        266.32499811         81.51476589
    94     2   818     4     1     8        173.98610619         58.68673782        141.98751955          7.14781788          9.05139943         10.43672002           .65890426          -.80573805          -.65427618      -1316.55737295           .00000000           .00000000        295.55000077         80.11568161
    95     2   822     4     1     7        162.52633547         40.68856706        121.03933523          4.98293346          7.73080815          7.81773849           .60474483          -.75745584          -.59585090      -1323.06894529           .00000000           .00000000        265.02499965         66.48685591
    96     2   890     4     1    10        181.04887344         49.43225388         99.88138408          5.55296745          6.31147332          7.73390248           .66090824          -.82979908          -.67647679      -1433.94969211           .00000000           .00000000        267.49999953         59.15446009
    97     2   754     4     1     9        105.20861183         39.70778407        155.25292508          5.35165089          8.75547649          9.11486707           .53850733          -.68953896          -.49772208      -1213.68433384           .00000000           .00000000        235.74999993         82.18082317
    98     2   732     4     1    11        182.91008159         65.54223613        128.36793429          8.52120657          9.08863431         11.68605980           .70489612          -.84986070          -.71113580      -1178.12993750           .00000000           .00000000        294.27500066         76.67970253
    99     2   778     4     1     7        187.03825214         55.82565398        127.05112853          6.84831606          8.48810630          9.85886140           .65581026          -.81315474          -.66111872      -1252.28316502           .00000000           .00000000        296.17499980         72.77909673
