     1     2   270     4     1     7        139.88389196         37.80706276        102.72108886          8.74790424         13.43029682         13.20895811           .69900594          -.81264140          -.69046383       -434.74233437           .00000000           .00000000        227.37500083         56.71350665
     2     2   881     4     1     5        174.67241054         59.28733791         89.61588365          7.49601419          6.76163885          9.69589761           .75946898          -.89984416          -.78183009      -1418.05110007           .00000000           .00000000        254.07500049         58.70363598
     3     2  1039     4     1    10        119.78996019         45.50392405         98.45087374          4.53482907          4.77159603          6.45021580           .61020689          -.80013018          -.61210419      -1674.19978475           .00000000           .00000000        204.35000023         56.71831813
     4     2   647     4     1     8        202.56882583         97.35153926        151.10358239         14.18196868         12.15180069         17.62968543           .76655532          -.89242035          -.77747378      -1041.53880710           .00000000           .00000000        339.99999990        101.03712168
     5     2   705     4     1    12        142.25315673         56.55492424        120.68908840          7.24636685          7.74376179         10.17479766           .66644871          -.82334256          -.66398542      -1134.71442029           .00000000           .00000000        246.37500079         69.86896228
     6     2   923     4     1    12        129.96679657         29.21803101        122.64561476          3.71896736          8.35668372          6.62557365           .54655083          -.69506518          -.53747588      -1485.79436994           .00000000           .00000000        232.22499877         65.27788066
     7     2   637     4     1     7        124.34582985         44.33812396        152.17816448          6.22245629          9.58829865         10.17099353           .55815088          -.71399177          -.52774777      -1025.21116752           .00000000           .00000000        252.84999965         82.39673837
     8     2   643     4     1     7        183.62540134         50.89491554         97.18747755          6.87892711          7.57109391          9.43428243           .68592732          -.84697185          -.70411190      -1035.77759341           .00000000           .00000000        268.07500117         58.36670137
     9     2   811     4     1     9        182.42515611         62.40996829        111.88738156          7.80437488          7.96675688         10.46912803           .72105208          -.86707321          -.73581504      -1305.28106801           .00000000           .00000000        280.32500104         68.81981374
    10     2   975     4     1     8        131.17855164         30.89820704        115.90076266          3.79320829          7.69467028          6.44657363           .59831585          -.72910282          -.58253305      -1569.22682726           .00000000           .00000000        228.37500006         61.80147178
    11     2   719     4     1     6        139.72139470         58.24450460        154.34053923          7.48403201          8.73432185         11.25223471           .62193399          -.77842238          -.59953121      -1157.59083306           .00000000           .00000000        270.77499949         83.95535738
    12     2  1021     4     3     3        172.18845489         51.72860360         70.00760698          6.88097546          5.89426361          8.73139319           .81629297          -.92996383          -.83906562      -1644.08523603           .00000000           .00000000        234.77500115         48.31202567
    13     2   825     4     1     5        156.52129963         62.69280549        106.50508054          8.35869142          7.91921594         11.00665054           .76736028          -.89110328          -.77766565      -1330.11367697           .00000000           .00000000        250.25000005         66.54838557
    14     2   706     4     1    15        137.79112294         40.40009549        169.77790462          5.84187948         12.53200375         10.37882840           .54179841          -.68975139          -.52411923      -1136.32249613           .00000000           .00000000        279.60000150         90.51113119
    15     2  1048     4     3    12        169.57389509         47.34183489         63.76000886          6.10707826          5.24952177          7.74549915           .80895342          -.92775603          -.83360177      -1686.70540813           .00000000           .00000000        226.57500043         43.98229188
    16     2   819     4     1     4        166.60165736         54.48271796         85.26800080          7.21267444          6.75241338          9.41509001           .76244353          -.89830885          -.78382960      -1318.13333661           .00000000           .00000000        241.90000007         54.89822371
    17     2   895     4     1     6        147.48032381         34.48774732        107.24573058          4.52263328          8.00850102          7.13076839           .68750187          -.79278797          -.67311354      -1441.30144528           .00000000           .00000000        238.24999904         57.95849961
    18     2   758     4     1     6        151.17203022         47.43969183        148.29705701          6.17560993          9.78166383          9.82124291           .60848593          -.75169639          -.59083330      -1219.96844618           .00000000           .00000000        276.47499861         80.44918830
    19     2   665     4     1     5         90.82480493         39.72775011        193.13460790          5.98345721          9.12411209         11.18608011           .41050755          -.62800741          -.37385210      -1071.04887354           .00000000           .00000000        250.62499958         96.98864325
    20     2   754     4     1    11        180.43998512         42.34094801        124.12584358          5.07367965          7.29004242          7.97856760           .53496512          -.73062815          -.53411554      -1215.71026432           .00000000           .00000000        285.40000088         68.64601191
    21     2   787     4     1     8        160.34658667         55.38970541        107.11623960          7.63573061          8.44480818         10.40403234           .76294037          -.87716839          -.76873217      -1268.26766096           .00000000           .00000000        253.52499984         64.25357592
    22     2   961     4     1     7        138.85334037         40.15285964        102.68352714          4.73359856          6.66324328          7.02417036           .68348157          -.81155818          -.67807224      -1546.91372911           .00000000           .00000000        226.57500103         57.42770917
    23     2   940     4     1     9        163.50565368         43.26269576         99.82006131          5.01459809          6.51004127          7.23174674           .68338260          -.82377126          -.68758889      -1512.87249012           .00000000           .00000000        249.24999878         57.08819968
    24     2   635     4     1     7        165.22998492        101.26788163        163.05219762         14.21780479         11.87253144         18.63660863           .74418774          -.88102027          -.74278813      -1022.69388680           .00000000           .00000000        307.50000000        103.22427125
    25     2   847     4    33    11        146.67662704         12.74426441        110.70412085           .00000000           .00000000           .00000000           .00000000           .00000000           .00000000      -1363.99127158           .00000000           .00000000        237.45000015         58.56477283
    26     2   698     4     1    11        179.14401973         71.06183836        135.86117471          9.04882593          8.95482775         12.34319775           .67893350          -.84029697          -.68248163      -1123.74901285           .00000000           .00000000        296.75000079         81.43517489
    27     2   752     4     1     7        146.60835006         53.54767939         94.05876208          7.13129427          7.06107559          9.50315907           .73877554          -.87620177          -.75120933      -1210.48540452           .00000000           .00000000        229.00000021         58.20223401
    28     2   689     4    33    10        148.03875710         24.53483070        196.18536898           .00000000           .00000000           .00000000           .00000000           .00000000           .00000000      -1109.73216970           .00000000           .00000000        308.89999904        103.62753084
    29     2   771     4     1     6        183.57167720         67.99612480        113.17160597          8.83944093          8.33667849         11.61630553           .73489826          -.88024543          -.75156274      -1240.87976408           .00000000           .00000000        283.34999981         71.44020253
    30     2   845     4     1     8        169.10300722         41.73995149        108.28370409          5.22257075          7.55607312          7.79623510           .67617623          -.80695391          -.67280930      -1360.05981179           .00000000           .00000000        261.49999910         60.42247015
    31     2   657     4    33    25        125.25662753         21.98619881        178.74189888           .00000000           .00000000           .00000000           .00000000           .00000000           .00000000      -1057.54545582           .00000000           .00000000        272.42499996         92.81805657
    32     2  1186     4     1     9        117.42233725         47.17172352        158.75719993          4.72149681          6.22759151          7.56170763           .53917812          -.70202621          -.49551194      -1910.80457136           .00000000           .00000000        252.32500105         87.41256772
    33     2  1199     4     1     5        126.98288754         61.48227550        144.39626370          5.81077028          6.19748594          8.04654846           .63525820          -.78199247          -.60924557      -1930.10901136           .00000000           .00000000        254.00000026         85.23675912
    34     2   753     4     1     9        163.47341457         57.10821490        132.48888450          7.87698215          9.85543449         11.18024227           .72918546          -.84107931          -.72086707      -1212.98114619           .00000000           .00000000        277.64999897         75.76478502
    35     2   745     4     1     9        138.17126352         35.87749634        153.50176330          5.00627398         11.00117497          9.00505748           .51544738          -.67871284          -.50680012      -1200.08666841           .00000000           .00000000        265.99999979         82.36200521
    36     2   820     4     1    20        131.75905593          8.04377499        138.95486058          3.93248335         38.29617658          6.21420918          -.68735275          -.37883736           .02185069      -1320.57045818           .00000000           .00000000        244.87500121         74.15387214
    37     2   923     4     1    10        165.03449582         68.39549513         80.76319052          9.18269640          6.61864088         11.25829074           .80118334          -.93263242          -.82376624      -1485.57850637           .00000000           .00000000        238.24999978         59.54773226
    38     2   649     4     1     9        131.80209535         34.64545978        227.67648977          6.27633639         37.09482015         14.07172615           .41399531          -.62134773          -.55138513      -1045.23660415           .00000000           .00000000        319.15000008        120.40702790
    39     2   723     4     1     7        175.67554002         55.24658464        115.59963448          7.10661038          8.23587285          9.97096167           .68089705          -.83348404          -.68921691      -1163.70856498           .00000000           .00000000        275.47499924         67.60382240
    40     2   929     4     1    17        197.99084182         55.17491371         66.17269438          8.01504015          6.29324879          9.94122875           .82962596          -.94204748          -.85442146      -1495.39544438           .00000000           .00000000        257.75000043         48.50451086
    41     2   773     4     1     8        153.40151475         49.18024892        126.23297600          6.74308390          9.57763741          9.96179917           .71346204          -.82498189          -.70412246      -1245.25119022           .00000000           .00000000        261.30000035         70.21442175
    42     2   748     4     1     5        180.00876867         66.56795464        115.18318705          8.69066886          8.30922836         11.58942785           .72169178          -.87283475          -.73737159      -1203.91777698           .00000000           .00000000        280.95000049         70.96916542
    43     2   826     4     1     7        152.90043297         44.81810282        104.56462589          5.82660927          7.73002031          8.39638386           .71734063          -.83782181          -.71702913      -1329.92017221           .00000000           .00000000        242.74999851         59.60442533
    44     2  1026     4     1     7        164.88624867         91.74958584        156.33141367          9.62614036          9.14420415         11.90756495           .72332989          -.85448949          -.72535036      -1653.35105771           .00000000           .00000000        308.47499835        103.97007619
    45     2   731     4     1     8        151.27912506         55.97149501        164.82197046          6.79560968          8.74614013         10.66825821           .53740396          -.72666040          -.51756990      -1177.37767659           .00000000           .00000000        290.57500067         90.70138742
    46     2   822     4     1     6        177.47446462         51.75392150        128.15546436          7.86660669         11.68868526         11.42336909           .79376918          -.87084608          -.78708212      -1326.42008522           .00000000           .00000000        287.40000002         71.86727504
    47     2   805     4     1    13        153.15881771         47.99534380        109.16442851          5.49893831          6.49499762          7.93594704           .60965407          -.79363794          -.61634180      -1297.10304843           .00000000           .00000000        246.87499893         62.72995285
    48     2   797     4     1    12        176.68470368         53.57527507        134.86635766          6.43918844          8.45264866          9.56313507           .62531174          -.78666239          -.62289739      -1282.89811076           .00000000           .00000000        291.85000099         75.96586528
    49     2  1102     4     1     8        169.54260018         55.69065665        179.69248557          5.85275389          8.94412764          9.44887551           .56561288          -.72870334          -.54619459      -1773.74508550           .00000000           .00000000        321.02499918         97.49339552
    50     2   778     4     1     7        179.31083754         49.46153217        114.36130125          6.65184969          8.86618881          9.57644830           .72065940          -.84099377          -.72250731      -1252.54622409           .00000000           .00000000        277.55000015         65.12505215
    51     2   799     4     1     6        150.77182793         42.05341934        114.94551797          4.99509118          6.98416723          7.64339216           .58800235          -.76086671          -.58509629      -1286.60189899           .00000000           .00000000        248.42500110         63.87324743
    52     2   637     4     1     4        159.92591124         78.05375086        141.39085493         10.50682367         10.02901487         13.74353238           .70932964          -.85053182          -.70808509      -1025.35940272           .00000000           .00000000        285.07499944         88.47884830
    53     2   611     4     3     8        174.62686376         51.77546447        148.28644486          7.10931670         10.16322872         11.02960058           .58318276          -.75222277          -.57483294       -983.72405862           .00000000           .00000000        300.42500047         81.99934045
    54     2   773     4     1     7        167.82200168         44.12325444        122.97545868          5.52132527          8.13016355          8.48295984           .61699407          -.77150469          -.61212971      -1244.19097235           .00000000           .00000000        272.22499894         67.86860010
    55     2   721     4     1     5        169.15878727         78.34893327        116.63179765         10.97932169          9.05188260         14.01268800           .76533101          -.90180489          -.78047342      -1162.15352106           .00000000           .00000000        273.39999917         76.77554982
    56     2   861     4    33    24        127.44082576          7.99429818        145.11033512           .00000000           .00000000           .00000000           .00000000           .00000000           .00000000      -1388.72375509           .00000000           .00000000        245.27500087         79.43001234
    57     2  1130     4     1    11        158.92383588         46.17742325        169.89752879          4.90069519          8.68180466          8.33176606           .52453406          -.69690526          -.50987031      -1819.96871506           .00000000           .00000000        301.25000050         91.84599846
    58     2   751     4     1     9        143.58185971         65.43159387        163.62701252          8.34979951          8.85752151         12.38264778           .65506695          -.79906468          -.62644565      -1209.75646187           .00000000           .00000000        281.74999938         89.19272581
    59     2   725     4     1    11        146.90428917         42.66910605        179.81725774          6.45653820         15.20911131         11.41687946           .60662137          -.72123235          -.58657911      -1167.97024607           .00000000           .00000000        297.37499960         94.07668182
    60     2   949     4     1     8        126.09224295         39.06389819        116.82332705          4.53804597          6.91509982          7.10546793           .62087061          -.76369564          -.60593679      -1527.37773445           .00000000           .00000000        225.00000038         63.60424626
    61     2   707     4     3     7        164.96311314         27.00175059        179.87709022          4.77159677         28.66863795         10.72266851           .42940555          -.62695012          -.56507361      -1139.58339124           .00000000           .00000000        312.94999903         96.18925368
    62     2  1174     4     3    11        204.97323610         60.92197505        174.54364455          6.09305781          8.83755397          9.45012845           .59302298          -.75667357          -.58477029      -1889.82668515           .00000000           .00000000        352.99999983         96.16935600
    63     2   838     4     1    14        152.07464929         27.83043739        125.46225348          3.94067553         10.26056365          7.18981547           .57206142          -.70196213          -.56684523      -1348.78761201           .00000000           .00000000        256.60000105         65.88334359
    64     2   736     4     1    11        140.35147301         46.74441820        171.15801167          6.45690662         11.43720702         10.83768394           .58732307          -.72318960          -.55855127      -1184.93040245           .00000000           .00000000        283.99999944         90.75982074
    65     2  1094     4     1     8        143.60457889         34.10955561         86.44073917          4.15446363          6.23478764          6.11619524           .74919579          -.84586948          -.74484200      -1762.58062446           .00000000           .00000000        217.52500051         48.21749674
    66     2   883     4     1     7        143.14094417         33.88364102        136.92877749          4.39806835          9.56360571          7.71306242           .56605623          -.70733745          -.55399868      -1421.17769887           .00000000           .00000000        257.52500165         72.77380587
    67     2   749     4     1    13        122.08932229         36.51268525        147.53461903          5.07943712         10.33449426          8.89653710           .55130799          -.69892115          -.53237094      -1205.49707496           .00000000           .00000000        245.27499987         78.23973947
    68     2   686     4     1    25        133.24636684          9.49037671        177.30590785          4.12274189         31.82094867          8.73310227          -.25842532          -.44933326          -.11689748      -1106.01642566           .00000000           .00000000        277.32500020         96.64014046
    69     2   786     4     1    15        164.02152182         42.00330773        150.96821602          6.44859201         13.93418640         10.63083061           .71339203          -.79286876          -.69233574      -1267.74641793           .00000000           .00000000        291.27500025         79.78049117
    70     2  1039     4     1     7        144.10014858         53.94428557         84.36801415          6.71015931          6.12994969          8.71040519           .79305822          -.90904020          -.80724144      -1674.71367213           .00000000           .00000000        218.52499893         54.50987896
    71     2   879     4     1     6        144.30009887         64.26310699        141.71215262          7.62545031          8.00161181         10.78412127           .69145592          -.82780842          -.67593359      -1415.94078068           .00000000           .00000000        265.67499967         80.76581424
    72     2   859     4    33    12        101.74143998         11.97193973        164.83757777           .00000000           .00000000           .00000000           .00000000           .00000000           .00000000      -1382.55908285           .00000000           .00000000        236.47499912         85.71684249
    73     2  1048     4     1    10        168.00983630         56.47016447        228.14466335          6.71421493         13.11727560         11.63149118           .56724349          -.70243577          -.53713266      -1687.74251912           .00000000           .00000000        359.42499959        120.01059213
    74     2   901     4     1     8        169.06516470         54.53342954        102.63096833          6.47967677          6.97669905          8.81263205           .71682685          -.86046648          -.73012884      -1450.11144978           .00000000           .00000000        258.49999940         62.11481239
    75     2  1139     4     3     8        189.74698419         57.92356495        154.08819612          6.31001670          9.12438417          9.47599644           .67934743          -.80473062          -.67006603      -1833.68149468           .00000000           .00000000        321.02500116         85.32409945
    76     2   631     4    33    12        105.83544413         10.48517706        218.24097692           .00000000           .00000000           .00000000           .00000000           .00000000           .00000000      -1027.80799227           .00000000           .00000000        281.72499988        127.90532397
    77     2  1018     4     1     6        146.68343717         35.92119528        101.43018446          4.06579567          6.25584475          6.25028883           .64748706          -.78386730          -.64046754      -1638.42477674           .00000000           .00000000        232.79999983         55.76320494
    78     2   873     4     1    14        169.43289921         49.96949217        111.86090085          6.27159408          8.00755836          8.93207003           .71876726          -.84306262          -.72150525      -1405.39213551           .00000000           .00000000        265.77499875         64.28477238
    79     2  1017     4     1    10        136.92139372         32.40196870         90.63243063          3.80657762          5.96130677          5.80660726           .68099566          -.80058870          -.67227445      -1637.16769382           .00000000           .00000000        213.99999987         49.93495808
    80     2   713     4     1     7        187.13950779         53.28425098        178.09871440          7.18638153         12.25859862         11.75393941           .58347764          -.73441452          -.56916889      -1147.56707559           .00000000           .00000000        337.04999991         96.02224980
    81     2   901     4     1     7        194.14564557         36.85587071         80.18731397          4.31042175          5.34142636          6.09499879           .68401685          -.83101214          -.69448821      -1450.19480208           .00000000           .00000000        263.27500047         46.59696324
    82     2  1153     4    33    13        113.80536151         11.48680390        223.18885745           .00000000           .00000000           .00000000           .00000000           .00000000           .00000000      -1877.70063684           .00000000           .00000000        294.50000011        125.90969052
    83     2   747     4     1     9        171.23340495         60.72825230        124.67907250          7.49407121          8.15318189         10.43337804           .66660884          -.82829144          -.67204343      -1202.41736230           .00000000           .00000000        279.04999974         73.50579917
    84     2   711     4     1     8        144.83326914         50.39976398        103.64629475          6.52858184          7.26910468          9.07229829           .68536438          -.83569401          -.69029116      -1144.31498820           .00000000           .00000000        234.54999948         61.18188008
    85     2   819     4     1    14        188.57371699         57.96539283         81.36621077          7.89876826          6.91680798         10.08112452           .78019042          -.91375635          -.80536183      -1318.93316337           .00000000           .00000000        261.00000187         55.03180853
    86     2   773     4     1    12        150.71803997         21.23978675        158.41771681          3.68150362         32.09924913          9.06399095           .28076345          -.56103575          -.57767667      -1244.72374751           .00000000           .00000000        280.80000157         83.45924069
    87     2   917     4     1     8        178.00080780         58.70295107         79.13020474          8.33081244          7.03041474         10.53578993           .82178610          -.93169471          -.84255486      -1477.67586290           .00000000           .00000000        248.77499945         54.83659374
    88     2  1196     4    33    16        161.98011735         25.15402452        214.70252356           .00000000           .00000000           .00000000           .00000000           .00000000           .00000000      -1925.79622125           .00000000           .00000000        338.07499935        113.32813774
    89     2   949     4     1    12        152.85768222         45.65424123        101.93528396          5.83527136          7.61145378          8.28462078           .75528848          -.86084213          -.75639921      -1529.05669451           .00000000           .00000000        240.69999965         58.52209074
    90     2   967     4     3     8        153.90079340         44.96368686         96.22739432          5.32579505          6.55048336          7.49639980           .72158544          -.84903844          -.72722840      -1556.60544273           .00000000           .00000000        236.99999962         56.08475785
    91     2   838     4     1     5        133.43054873         47.99766680        114.91206690          6.01280486          7.55273911          8.68759050           .69358260          -.82170188          -.68488066      -1349.58801897           .00000000           .00000000        232.04999872         64.89316280
    92     2   701     4     3     7        140.41652526         42.74578895        129.76459255          5.78659359          9.03699911          9.10489579           .61873185          -.76029900          -.60342490      -1128.23114059           .00000000           .00000000        250.32500050         70.83506901
    93     2   617     4     1     8        136.37315630         43.29191631        147.96930345          6.43409261         11.00957304         10.51114697           .60321283          -.73797591          -.57921901       -993.12395019           .00000000           .00000000        261.20000122         79.66614762
    94     2   819     4     1     8        139.38860322         41.14949939        134.55105298          5.38819952          9.34946278          8.68656075           .63347089          -.75948607          -.61521139      -1318.41907140           .00000000           .00000000        252.89999911         72.31123756
    95     2   822     4     1     8        170.13164759         52.27933906        114.25767449          6.19572144          7.38363496          8.79120181           .65986490          -.81877626          -.66640735      -1323.20575637           .00000000           .00000000        268.67500071         66.45123610
    96     2   890     4     1     7        177.72532394         46.83630609         89.91316566          5.55274313          6.23031196          7.61490072           .70783044          -.85536398          -.72411900      -1432.69331953           .00000000           .00000000        255.87500047         54.01200712
    97     2   754     4     1    14        154.83637218         60.39652321        130.05952325          7.59150392          8.33855223         10.55704283           .67821668          -.82523863          -.67510945      -1213.59873002           .00000000           .00000000        267.82499994         75.91209875
    98     2   733     4     1     8        163.78168140         50.69091998        140.56769898          6.12653159          8.21435470          9.44756538           .55232484          -.74446016          -.54866948      -1181.17054372           .00000000           .00000000        283.00000019         77.92624763
    99     2   778     4     1    11        193.08871637         57.67486238        103.73198318          7.55954537          8.00836006         10.18697870           .73492138          -.87370633          -.75212306      -1252.16647599           .00000000           .00000000        283.72499940         63.50257382
