     1     2   414     4     1     7        152.07079978         45.23447839        106.72445752          8.70068672         11.88108899         12.55357146           .74408892          -.84985773          -.74199215       -666.98566590           .00000000           .00000000        243.67499917         60.37356175
     2     2   713     4     1     8        154.73021454         39.60030015        121.67296231          5.31619521          8.63308978          8.43224516           .61265625          -.75783315          -.60246470      -1147.53686689           .00000000           .00000000        257.54999994         66.18513874
     3     2   933     4     1     7        147.26370960         41.74006351        109.00177348          4.94860114          7.09409625          7.40719902           .67082173          -.80367444          -.66593965      -1501.72434396           .00000000           .00000000        240.22499870         60.60282097
     4     2   639     4     1     7        213.52849383         78.61629416        173.15978737         10.57305966         12.03187687         14.95652451           .66182175          -.81654654          -.66003968      -1028.42901112           .00000000           .00000000        362.79999938        100.13353662
     5     2   698     4     1     4        152.58598880         45.95575973        138.76752740          6.04543342          9.18812492          9.54552306           .58833359          -.74800438          -.57676408      -1123.49319263           .00000000           .00000000        269.92499951         75.78929404
     6     2   979     4     1    11        142.06405846         34.20404235         98.57418783          3.89122834          6.00282131          6.03079983           .62815908          -.77240910          -.62091980      -1575.64800402           .00000000           .00000000        225.64999986         54.12857249
     7     2   639     4     3     6        142.78325178         31.40326963        202.92657647          6.00026822         39.75014928         13.65515444           .50924572          -.66848884          -.63501030      -1028.59179542           .00000000           .00000000        310.00000056        106.53098116
     8     2   771     4     1    11        195.34192253         55.47363689         87.72313580          7.71335273          7.50283266         10.09873255           .77256108          -.90110514          -.79423765      -1240.88506296           .00000000           .00000000        272.72500006         56.49802507
     9     2   811     4     1     7        183.20016183         65.02347837        100.28202778          8.80104992          7.81875322         11.44200238           .76914678          -.90315675          -.78847933      -1306.04457749           .00000000           .00000000        271.92500113         64.87901740
    10     2   987     4     1    13        138.64361821         16.61322936        119.73818344          2.54982482         22.58365075          6.33289885           .35639560          -.59524221          -.62444356      -1588.52930548           .00000000           .00000000        237.27500145         62.68155095
    11     2   681     4     1    22        173.87398577         56.63974375        176.42700724          8.12870281         13.01946450         12.81101823           .65239465          -.77153382          -.62830010      -1096.60188405           .00000000           .00000000        323.07500114         95.45505091
    12     2  1011     4     1    18        188.16685123         54.43575408         48.36501535          8.33440546          5.18259437          9.77839020           .84898272          -.96172567          -.87332392      -1628.02191509           .00000000           .00000000        233.00000003         42.73756994
    13     2   805     4     1    10        165.02968702         53.28330800         96.11582178          6.75945322          7.03217815          9.10661581           .72683544          -.86919639          -.74166660      -1295.64394496           .00000000           .00000000        248.87500003         58.88694202
    14     2   719     4     3     7        149.16383212         64.48899862        160.10488530          8.07377533          8.93939414         11.89241568           .62948423          -.78419044          -.60436992      -1157.24803283           .00000000           .00000000        285.10000099         89.26849970
    15     2  1073     4     1     7        158.70709248         44.95060635         78.33934467          4.89151525          5.06671795          6.55126626           .72227506          -.87166348          -.74324011      -1728.01239606           .00000000           .00000000        227.24999940         48.51481709
    16     2   868     4     1    12        175.09044061         49.72998396         69.63925385          7.21722206          6.40644058          9.22655071           .81830205          -.92854448          -.84038809      -1397.81118070           .00000000           .00000000        237.14999855         47.18953807
    17     2   918     4     1    10        154.29371478         37.64234364         89.17976313          4.31457096          5.66704115          6.28235835           .65907162          -.81010679          -.66393828      -1477.56602639           .00000000           .00000000        230.72499848         50.67964998
    18     2   780     4     1     6        161.46751739         47.21293569        116.61949908          5.98825746          8.07494495          8.81259682           .66696391          -.80792873          -.66523518      -1255.37785970           .00000000           .00000000        261.24999883         65.71006463
    19     2   839     4     3    10        159.08325722         58.03211138        119.53537672          6.92691419          7.51001478          9.53876911           .68642267          -.83462159          -.68840648      -1350.36757701           .00000000           .00000000        263.00000046         70.74637703
    20     2   773     4     1    12        184.61830797         38.29367934        113.94867329          5.32252640          8.99871119          8.27360900           .68717953          -.79777787          -.67639716      -1244.66514648           .00000000           .00000000        281.20000159         61.87677176
    21     2   805     4     1     8        139.32881940         29.38821882        133.32528316          3.99673217          9.37722546          7.36127555           .48935944          -.66322679          -.48888221      -1298.27225477           .00000000           .00000000        250.00000191         71.92009404
    22     2   904     4     1     8        151.68965634         42.57264362        108.64730652          5.26439964          7.54001154          7.79893181           .69673214          -.81822696          -.69186209      -1455.31818287           .00000000           .00000000        244.52500037         60.69288927
    23     2   914     4     1    11        165.82585327         48.32364875         94.48835837          6.04293956          6.96591122          8.30514934           .74731063          -.87051399          -.75835556      -1471.40428095           .00000000           .00000000        247.92500026         56.33757112
    24     2   729     4     1    13        187.34638748         74.76360714        124.24216374         10.05884212          9.28273395         13.21484602           .74069151          -.88198358          -.75356430      -1173.39335713           .00000000           .00000000        296.55000122         78.14350645
    25     2   946     4     1     7        152.26760190         34.61367295         80.04325958          3.89631552          5.01711079          5.62468697           .66232500          -.81408445          -.66859764      -1522.68383011           .00000000           .00000000        220.99999894         45.87161491
    26     2   704     4     1     6        177.16743575         51.35146902        126.99446311          6.73682473          9.01331108          9.93457372           .65208638          -.80114000          -.65147341      -1133.05457048           .00000000           .00000000        285.75000075         71.52403510
    27     2   883     4     1     6        147.05504454         51.33306423        100.14019614          6.22648746          6.76775573          8.52274171           .71970805          -.85754731          -.72810724      -1421.33714136           .00000000           .00000000        234.14999878         59.72773709
    28     2   819     4     1    12        155.73435584         35.25843621        121.08970298          4.59992459          8.46366249          7.56943906           .60960309          -.74388049          -.59548368      -1318.13622223           .00000000           .00000000        257.60000039         65.01368985
    29     2   736     4    33    25        170.02755439         13.90009053        149.76358832           .00000000           .00000000           .00000000           .00000000           .00000000           .00000000      -1193.59296399           .00000000           .00000000        293.74999977         75.16440205
    30     2   781     4     1     6        175.45975162         58.59594998        110.78172835          7.11752361          7.37701267          9.72124765           .67908919          -.84544830          -.69385985      -1257.71790913           .00000000           .00000000        271.82500074         66.67605879
    31     2   755     4     1    27        133.18658331          9.74888558        170.45391629          3.83390171         27.06275785          7.97699119          -.30549849          -.44767184          -.08701546      -1215.75028603           .00000000           .00000000        272.12499905         90.29630125
    32     2   789     4     1    15        151.97069747         42.01451263         98.92843297          4.98804826          6.30162030          7.26763486           .62567515          -.79593963          -.63155867      -1270.57521833           .00000000           .00000000        236.75000149         56.42864902
    33     2  1174     4     1     8        146.43443288         53.47496810        130.76394503          5.82138941          7.48571462          8.42299261           .71191856          -.82639946          -.69815868      -1891.80496829           .00000000           .00000000        258.50000043         73.67665909
    34     2   695     4     1     4        169.75586541         70.76081781        126.24306695          9.54327731          9.31363060         12.56893719           .73197323          -.86607334          -.73613981      -1118.69373718           .00000000           .00000000        280.62500019         78.73640709
    35     2   770     4     1     7        145.40073198         56.16544220        128.73984037          6.77997283          7.70530068          9.68574581           .64256434          -.80205167          -.63540788      -1239.27132063           .00000000           .00000000        256.25000069         73.92098839
    36     2   899     4     1     8        139.05334229         35.68991077        123.97851389          4.37067492          7.92883383          7.24294542           .58766166          -.73213128          -.57340660      -1446.91631752           .00000000           .00000000        243.24999959         66.66473996
    37     2   903     4     1     4        139.16762482         63.69230297        103.89160586          7.65763377          6.95637822          9.74682046           .75054423          -.88151497          -.75963153      -1453.52131609           .00000000           .00000000        232.17499900         67.39578651
    38     2  1089     4     1    11        140.66417755         31.76416333        225.24117630          5.25015962         69.94740558         15.17727346           .58216373          -.71554754          -.80965411      -1752.71266938           .00000000           .00000000        326.09999946        117.68780729
    39     2   882     4     3     7        171.53522171         46.43475927         89.54603980          5.19018471          5.68409405          7.13197986           .66117752          -.83510566          -.68004047      -1422.44908769           .00000000           .00000000        249.32500019         53.90660448
    40     2   910     4     1     9        180.30961273         41.21918953         91.13471767          4.64597748          5.72799543          6.62578565           .65628523          -.81700608          -.66662044      -1465.17454007           .00000000           .00000000        258.74999964         52.74644655
    41     2   777     4     1     5        162.29256858         64.33065714        114.82525817          7.88178801          7.41024739         10.57389426           .69044686          -.85629058          -.70300154      -1250.74366497           .00000000           .00000000        262.74999943         70.08703602
    42     2   801     4     3     8        174.58238163         51.11184083        113.75866964          6.40554318          7.97829787          9.12562984           .68926855          -.82997716          -.69387854      -1289.16157802           .00000000           .00000000        272.60000035         65.73138631
    43     2   659     4     3    13        152.84973494         45.33939915        107.59052054          7.01761055          9.69418065         10.12778304           .75228814          -.85316272          -.74926468      -1061.92094414           .00000000           .00000000        245.20000112         60.85079999
    44     2  1142     4     3    10        171.00265323         69.53126866        162.81103116          7.10648943          7.80976170         10.06924911           .66015567          -.80675463          -.64616663      -1838.31638057           .00000000           .00000000        311.97499985         93.06573912
    45     2   765     4     1    10        142.60735117         59.58688441        132.92986526          7.64703357          8.08825038         10.82405357           .69596431          -.82792204          -.67834335      -1231.73948994           .00000000           .00000000        256.12499971         75.98715058
    46     2   751     4     1     9        188.35725529         55.13046651        130.85986823          6.84809267          8.73013687          9.98340318           .64312784          -.80195429          -.64534976      -1208.86736774           .00000000           .00000000        300.50000012         74.57345445
    47     2   905     4     1     8        164.41249097         57.21838935         83.97927585          6.92855210          6.06789237          8.89301326           .74615459          -.89663541          -.76983176      -1459.35078420           .00000000           .00000000        238.87500006         55.73752663
    48     2   799     4     1    12        176.72705542         49.88035857        123.30097576          6.31879950          8.62925317          9.30382218           .67487486          -.81188283          -.67367434      -1285.98191954           .00000000           .00000000        282.17500022         69.32381803
    49     2   614     4     1     4        172.42747579         78.09172240        144.44015611         10.90193588         10.38855581         14.56710463           .70442081          -.85357514          -.70783780       -988.39638218           .00000000           .00000000        299.25000088         87.58962577
    50     2   809     4     1    10        186.91536828         42.61867295         88.48044276          5.03475249          5.89162670          7.05649681           .65783481          -.82545952          -.67321401      -1303.31253215           .00000000           .00000000        263.35000124         51.97660435
    51     2   780     4     1    10        156.76257359         36.84572017        102.51330983          4.67960910          7.01878422          7.16353470           .63600949          -.78014117          -.63058448      -1255.36769754           .00000000           .00000000        243.87500070         56.64182975
    52     2  1158     4     1     6        171.90609681         66.45162258        162.63796059          6.10138997          6.79684511          9.00719446           .55440136          -.75740778          -.54578000      -1867.82289261           .00000000           .00000000        310.67499947         92.30800046
    53     2   632     4     1     8        158.26967395         54.99852315        123.38619400          7.25879850          8.37282176         10.37815666           .63623288          -.80417194          -.63645486      -1017.42094665           .00000000           .00000000        264.35000035         71.27203135
    54     2   885     4     3     7        158.99459626         52.94279405        105.95100852          6.40060436          7.14569862          8.85180831           .71474979          -.85312895          -.72230248      -1424.47719064           .00000000           .00000000        250.75000003         62.67525426
    55     2   735     4     1    13        157.41324434         66.00439282        125.68291101          8.49593562          8.10749971         11.30438950           .70472152          -.84995228          -.70531373      -1183.21788733           .00000000           .00000000        268.00000021         76.42152804
    56     2   923     4     1     4        156.14008522         50.47338094         93.70831593          6.20041401          6.69839431          8.40385177           .74525631          -.87439141          -.75781860      -1485.80418477           .00000000           .00000000        237.85000151         56.76929244
    57     2   628     4     1     6        170.25235389         46.79746730        125.02986048          6.31876145          8.79616786          9.59140945           .60317740          -.77061442          -.60158428      -1011.06342318           .00000000           .00000000        276.60000041         69.56123312
    58     2   681     4     1     6        114.55510922         64.97600782        196.45464588          8.41342776         10.09828228         12.41496849           .60531821          -.72117966          -.53964530      -1096.99479036           .00000000           .00000000        287.45000063        112.92286074
    59     2   703     4     1    11        196.82665327         65.24323175        156.15339734          8.57742438         10.80753548         12.47822634           .66021972          -.80837188          -.65789024      -1131.45049343           .00000000           .00000000        330.75000060         88.26263298
    60     2   935     4     1     8        149.52195314         44.24656153         97.91471645          5.14436009          6.38282936          7.32214726           .69162071          -.83192786          -.69667453      -1504.83966478           .00000000           .00000000        233.87500040         56.53580110
    61     2   805     4     3     9        198.46024941         62.76319440        107.74661303          7.86455995          7.89332123         10.48276005           .72212261          -.87292077          -.74198596      -1296.16365774           .00000000           .00000000        292.87499990         67.11219610
    62     2   729     4     1     6        209.03858427         44.68123918        125.95051716          6.04951461          9.38950094          9.27367964           .65795108          -.78917318          -.65127697      -1173.33906287           .00000000           .00000000        315.99999993         69.20260172
    63     2   780     4     1     8        171.83918099         52.51671813        123.24001233          6.03421355          7.27293777          8.79368844           .58927458          -.78076760          -.59557882      -1257.52267521           .00000000           .00000000        277.50000079         70.59833579
    64     2   687     4     1    11        117.37881603         55.04231586        206.84396086          7.23919399          9.36521658         12.09962309           .49255355          -.66123075          -.43226966      -1106.02444623           .00000000           .00000000        292.87499950        113.29707496
    65     2  1062     4     1    16        149.46364360         24.28371267         87.69395486          2.89877178          5.77323306          4.82597122           .62815748          -.74783535          -.61313689      -1709.67945639           .00000000           .00000000        223.19999939         46.77536769
    66     2   867     4     1     9        132.98750638         47.55488918        140.41004833          5.27606152          6.91417729          8.28159534           .53057486          -.72323746          -.51356071      -1396.86730440           .00000000           .00000000        251.85000222         77.71198381
    67     2   861     4     1     7        149.46814939         48.44473423        119.67187534          5.42367454          6.76806335          8.01374366           .60026963          -.77761572          -.59867678      -1386.51675985           .00000000           .00000000        251.77500029         67.80410720
    68     2   861     4    33    27        132.90973791          8.53449457        129.27462346           .00000000           .00000000           .00000000           .00000000           .00000000           .00000000      -1390.59108821           .00000000           .00000000        238.07499965         69.79983410
    69     2   803     4     1     5        195.11992202         70.74469682        109.83747431          9.41106265          8.55227085         12.21528741           .76178199          -.89794136          -.78100056      -1292.41301682           .00000000           .00000000        292.27500092         71.01180912
    70     2   873     4     3    10        160.73536478         69.11868421         78.06342035         10.36422971          7.17165213         12.32653469           .83879665          -.94452607          -.85685426      -1405.49773690           .00000000           .00000000        232.52500044         60.69824321
    71     2   848     4     1    14        171.14259764         49.14381077        117.81990993          6.15073846          8.26302071          8.96383030           .69446261          -.82454683          -.69417092      -1364.98244648           .00000000           .00000000        272.07500156         66.56738686
    72     2   887     4     1     9        126.51826240         40.34724783        126.98949773          4.96453681          7.94959947          7.85583990           .62916466          -.75893074          -.60697018      -1427.77094778           .00000000           .00000000        234.07500029         69.06570876
    73     2  1099     4     1     5        154.73943895         64.95896729        195.34271704          6.75727570          8.68579017         10.53330461           .59433085          -.74224866          -.55616221      -1769.17926085           .00000000           .00000000        320.00000061        106.08390447
    74     2   839     4     3     8        180.29425273         69.25580628         97.71950570          9.02700071          7.50512706         11.45934555           .76867979          -.90734551          -.78820725      -1351.17444053           .00000000           .00000000        267.02499971         66.04204688
    75     2   722     4     1    12        178.06297172         51.77264340        157.72168451          6.67562401         10.19468404         10.57741418           .58212678          -.74395673          -.57041365      -1162.22852814           .00000000           .00000000        311.42499979         86.46179307
    76     2   735     4     1     8        121.67127204         34.97300307        166.44312654          5.13884636         12.97663024          9.62445278           .50117635          -.66321516          -.49776622      -1183.44157908           .00000000           .00000000        259.87499908         88.52003756
    77     2   977     4     1    15        135.59881671          7.01450255        113.11713856          3.29804528         20.70225666          4.77907340          -.77031565          -.50758364           .26194466      -1574.35478454           .00000000           .00000000        227.77500201         60.66590381
    78     2   877     4     1    12        182.07006318         56.59153664        108.17307889          6.94130955          7.63383020          9.47122372           .72627318          -.86308441          -.73849986      -1411.49569390           .00000000           .00000000        276.27499986         65.17228532
    79     2  1004     4     1     9        148.12398238         36.94879807         80.59233321          3.91628541          4.74066716          5.57169574           .64865436          -.81544893          -.66017400      -1616.98353680           .00000000           .00000000        217.52500155         46.76672840
    80     2   678     4     1    13        209.07540116         68.23188799        111.18138125         10.20872634          9.96879619         13.42852940           .77551687          -.89971573          -.79374882      -1091.52394003           .00000000           .00000000        307.02500025         70.52160547
    81     2   887     4     1     7        199.61232127         45.53236721         74.67923587          5.62266668          5.63856872          7.40846547           .74475405          -.88673809          -.76870348      -1428.52605467           .00000000           .00000000        265.29999979         47.42963177
    82     2   709     4     1     9        167.38894024         60.07275929        151.07787919          8.32495072         10.89076134         12.09555843           .69782019          -.81624053          -.68338184      -1141.96366041           .00000000           .00000000        297.20000048         84.98638143
    83     2   871     4     1    12        175.20525478         60.51573678         82.99995049          7.99142930          6.72549534         10.09782788           .78139093          -.91536420          -.80552325      -1402.18331189           .00000000           .00000000        249.50000027         57.01096240
    84     2   769     4     1     8        130.19738899         30.01312215        133.88848699          4.33686371         10.84199158          7.90519154           .55331503          -.69308282          -.54673074      -1237.73005063           .00000000           .00000000        241.64999915         70.86820525
    85     2   772     4     3     8        183.41544996         58.77906548         93.08988077          7.65951378          7.19435304         10.02397991           .73743793          -.88727794          -.76040488      -1243.32812545           .00000000           .00000000        265.50000098         59.81011609
    86     2   669     4     1    13        159.73271710         41.63132504        174.07853587          6.06077127         12.85503326         10.81572566           .51443714          -.68081307          -.50549101      -1077.75403456           .00000000           .00000000        304.70000016         93.35167400
    87     2   923     4     1     7        163.48533516         49.62286827         96.27613907          6.45675349          7.45036578          8.84947760           .77204428          -.88245615          -.78141006      -1486.98588527           .00000000           .00000000        247.17500086         57.46513701
    88     2   651     4     1    10        153.46759519         40.36107741        182.51538202          6.26634142         15.36725146         11.49422018           .53184224          -.68089770          -.52427343      -1048.00431530           .00000000           .00000000        305.37500116         97.24038198
    89     2   915     4     1    15        154.35163581         57.45504736         88.97896692          6.85903144          6.08992668          8.90019652           .74024922          -.88906114          -.75866657      -1473.46911996           .00000000           .00000000        232.75000183         57.65576745
    90     2   991     4     3    10        152.59061945         36.95938695         96.98439838          4.12629710          5.88299121          6.19713817           .64499383          -.79103225          -.64251671      -1594.97226497           .00000000           .00000000        235.27500138         54.17865575
    91     2   815     4     3     5        161.06872457         62.43225322        101.46071205          8.08685454          7.22785640         10.62835948           .74448882          -.88899924          -.76107124      -1312.56135505           .00000000           .00000000        250.50000165         63.89640091
    92     2   935     4     1    12        120.78578030         34.18037530        173.63367576          4.60465951         13.22111246          8.85699516           .49740409          -.65765351          -.50388056      -1505.39452879           .00000000           .00000000        264.75000073         92.14289152
    93     2   623     4     1     7        148.83176238         32.10626561        180.21764049          5.45451774         19.21313471         11.04028459           .44407296          -.63380380          -.49006613      -1008.68952213           .00000000           .00000000        297.07500085         98.25027734
    94     2   754     4     1    10        189.31375850         45.20348727        138.55872572          6.46468809         11.31520385         10.14490582           .69196508          -.79675869          -.67832407      -1214.26250934           .00000000           .00000000        306.62499958         74.90528526
    95     2   943     4     1    11        155.96828131         41.56166163         98.01499925          4.61839414          5.95191323          6.72525191           .64545637          -.80455072          -.65068050      -1518.01218078           .00000000           .00000000        239.97499933         55.78845733
    96     2   818     4     1    10        186.69363418         36.04167350        108.44787909          4.53579009          7.30236133          7.12093645           .62288566          -.76540442          -.61516733      -1316.51705915           .00000000           .00000000        278.44999995         59.12252033
    97     2   695     4     1     7        180.69699238         46.10542851        133.67973319          6.46632365         10.31054090         10.00473379           .66059353          -.78665035          -.65032121      -1118.68707198           .00000000           .00000000        294.12499993         73.21148739
    98     2   769     4     1     8        198.01070899         48.02363708        126.65493913          6.18472207          8.96050819          9.29802953           .65682608          -.79621513          -.65384250      -1237.65821698           .00000000           .00000000        305.92500038         70.43626044
    99     2   820     4     1     9        195.72590325         65.04751297         83.74132184          8.98698322          7.17726860         11.27818815           .78475388          -.92268929          -.81133032      -1320.30762246           .00000000           .00000000        270.87500081         58.93574317
